-0.000010729937 -0.000001196998 0.000000455412
0.000023370901 -0.000031250147 0.000000095571
-0.000017021370 -0.000014095696 0.000000300576
-0.000021668782 -0.000026621460 0.000000079243
0.000036028616 -0.000032584490 0.000000155795
0.000012790904 -0.000015432686 0.000000461574
0.000041825637 0.000041155251 0.000000181688
-0.000040654531 -0.000020175576 0.000000796257
0.000026785309 0.000017484886 0.000000008221
-0.000009204522 0.000013408834 0.000000619842
-0.000015500432 0.000000366380 0.000000628652
0.000013557387 0.000015977994 0.000000376501
0.000023708485 0.000023837968 0.000000856562
-0.000007078017 0.000015618710 0.000000151157
-0.000032476729 0.000009242505 0.000000213386
0.000034377490 -0.000047917332 0.000000043437
0.000015023051 0.000043487040 0.000000520951
-0.000035975961 0.000020115480 0.000000664211
-0.000028868610 0.000010340754 0.000000191042
0.000006244580 0.000046277970 0.000000440275
0.000048102101 -0.000005769923 0.000000720063
0.000024797374 -0.000042487762 0.000000370525
0.000021110596 -0.000009644456 0.000000904466
0.000029572735 -0.000006180188 0.000000517330
0.000025490389 0.000011543032 0.000000009124
-0.000014527488 -0.000015642565 0.000000625731
-0.000041568355 0.000030147172 0.000000617398
0.000003906449 -0.000015256384 0.000000288702
-0.000048819254 -0.000033913335 0.000000078032
0.000021075601 0.000027078263 0.000000806126
-0.000001412241 -0.000042937332 0.000000843716
-0.000012269883 -0.000004535277 0.000000700050
0.000017191554 0.000036499271 0.000000362037
0.000012713302 0.000026430518 0.000000418265
0.000032785167 -0.000036835011 0.000000199033
0.000010134786 0.000037661621 0.000000512784
0.000025642489 -0.000035197489 0.000000464490
0.000005327936 0.000006751819 0.000000547662
0.000017649806 -0.000038384478 0.000000178191
-0.000017819773 0.000014548538 0.000000937795
-0.000010632054 -0.000029637114 0.000000886802
0.000012441328 -0.000009669938 0.000000176554
-0.000042756513 -0.000003705018 0.000000086257
-0.000012148429 -0.000001288577 0.000000437625
-0.000040763970 0.000001399389 0.000000324591
0.000004164959 0.000035726137 0.000000967835
0.000040318865 0.000048148042 0.000000178284
0.000030724787 0.000044976213 0.000000028909
0.000023064307 0.000016334947 0.000000516490
-0.000005295154 0.000042326020 0.000000598926
0.000028587050 -0.000015718727 0.000000026948
0.000009615264 0.000018710707 0.000000179805
-0.000005764338 0.000017806044 0.000000298488
-0.000001317410 -0.000035606596 0.000000810578
0.000010590088 0.000016453313 0.000000167976
-0.000006948655 -0.000010956262 0.000000698798
0.000038149442 0.000005373945 0.000000174752
0.000034962703 0.000002077676 0.000000996542
0.000029258631 -0.000043630446 0.000000577318
-0.000029648068 0.000026443867 0.000000235965
-0.000002855527 0.000036918124 0.000000492761
-0.000049138819 0.000015166634 0.000000729443
-0.000033843747 -0.000006646541 0.000000255500
0.000021602378 0.000000244673 0.000000242119
0.000041190765 0.000040226612 0.000000311805
0.000036534494 -0.000029241920 0.000000906813
0.000023566684 -0.000033570904 0.000000237869
-0.000038582851 0.000033926365 0.000000593388
0.000037164864 -0.000020004214 0.000000758651
-0.000014794722 -0.000021856383 0.000000509118
0.000031913518 -0.000049798103 0.000000189376
0.000015692649 0.000019792453 0.000000282309
-0.000042672990 -0.000022521807 0.000000617992
-0.000002636300 0.000030085679 0.000000006841
0.000032799318 0.000027454069 0.000000868554
0.000017455086 -0.000043725190 0.000000192522
-0.000037768057 0.000023368552 0.000000220353
-0.000043934291 0.000045914925 0.000000216380
-0.000000824735 -0.000004706841 0.000000207365
0.000029776276 -0.000005864789 0.000000086561
-0.000024072760 -0.000026537129 0.000000462827
0.000005508584 -0.000028021573 0.000000433773
-0.000035876671 -0.000038324587 0.000000532803
0.000012257465 -0.000039240675 0.000000077515
0.000042666741 -0.000039687499 0.000000650481
-0.000000664181 0.000022505524 0.000000695088
0.000026293085 -0.000042639077 0.000000780704
0.000033358206 0.000041500680 0.000000860543
-0.000010264679 0.000017471996 0.000000959470
0.000032829589 -0.000005398473 0.000000459457
-0.000022404269 0.000049805428 0.000000311884
0.000021954000 -0.000047059016 0.000000897855
0.000005261057 0.000012611639 0.000000497301
-0.000018075908 -0.000007709246 0.000000017308
-0.000018907916 -0.000016358980 0.000000255182
0.000023371563 0.000016427976 0.000000853364
-0.000038284701 -0.000024625264 0.000000483811
0.000003408863 -0.000019533510 0.000000269533
-0.000019412493 -0.000033566806 0.000000316165
0.000045418205 -0.000004666749 0.000000679544
0.000009166545 0.000047597321 0.000000991737
-0.000042268403 0.000002138157 0.000000762929
0.000004686470 0.000040818080 0.000000590170
-0.000005754705 0.000028847254 0.000000299620
0.000008516886 -0.000001194743 0.000000068542
-0.000023831336 0.000001328772 0.000000943676
0.000017978179 -0.000045313563 0.000000973549
0.000023218949 -0.000013356252 0.000000301000
0.000027413498 0.000033279567 0.000000112947
0.000041469381 -0.000043760960 0.000000199975
0.000027911373 0.000045921385 0.000000009355
-0.000048575730 0.000029780675 0.000000949624
-0.000040856152 0.000005562525 0.000000212389
0.000023359708 0.000031579701 0.000000404536
0.000010698161 0.000041192524 0.000000531064
-0.000028082704 0.000023987444 0.000000970178
-0.000016182954 0.000019753179 0.000000242378
0.000045566984 -0.000016068995 0.000000499206
-0.000017179614 0.000024435189 0.000000821238
0.000019547074 -0.000038709653 0.000000311585
-0.000021898984 -0.000041177625 0.000000880528
0.000020990689 -0.000045883506 0.000000488870
0.000003535649 -0.000008151973 0.000000677507
-0.000032792576 -0.000010158205 0.000000750205
-0.000004610269 0.000046566261 0.000000278934
-0.000008777563 -0.000024212329 0.000000738210
-0.000044326559 0.000043912102 0.000000797143
0.000007062339 -0.000039609080 0.000000969594
0.000013846795 -0.000038775501 0.000000444289
0.000007153271 0.000021017391 0.000000286927
0.000041967306 -0.000040006101 0.000000238643
-0.000027519260 0.000025809670 0.000000098237
0.000038680018 -0.000001943493 0.000000994199
0.000012693338 -0.000048012743 0.000000579907
0.000025207017 0.000048181133 0.000000922033
-0.000038073110 -0.000019233992 0.000000194644
-0.000032301267 0.000035201131 0.000000100913
-0.000046501905 0.000020720970 0.000000091544
-0.000026846490 0.000011258104 0.000000157454
-0.000029273580 0.000019727178 0.000000942665
0.000015267538 0.000013760559 0.000000639542
-0.000044957159 -0.000041559337 0.000000485471
-0.000022215317 0.000001476673 0.000000800882
-0.000019124731 0.000018489066 0.000000178854
0.000005500672 -0.000008434244 0.000000285806
-0.000030748729 0.000025968806 0.000000554790
0.000024500701 -0.000000280140 0.000000333714
0.000012644663 -0.000028589032 0.000000280408
0.000036925808 0.000018962286 0.000000686967
0.000018196249 -0.000015846112 0.000000630460
-0.000036108793 0.000038633583 0.000000003924
-0.000018228101 -0.000042336907 0.000000910178
-0.000028768524 -0.000034372640 0.000000973374
-0.000011624071 -0.000009515784 0.000000920235
-0.000006751011 -0.000035343575 0.000000319674
-0.000046187415 0.000048081463 0.000000721089
-0.000030865159 -0.000009742385 0.000000015119
-0.000007061487 0.000012735678 0.000000667420
-0.000020926286 0.000046768216 0.000000059887
0.000007435399 0.000027164790 0.000000716115
-0.000029947504 0.000008584202 0.000000016692
-0.000011698176 0.000000473815 0.000000275961
-0.000047083053 -0.000047839685 0.000000059948
-0.000005299045 -0.000020324417 0.000000229995
0.000011375862 -0.000025646852 0.000000941831
-0.000003481484 -0.000030548909 0.000000142470
0.000040960813 -0.000012927159 0.000000133246
-0.000004171218 -0.000038119999 0.000000526444
0.000003189551 0.000017249833 0.000000116349
0.000029088910 -0.000013511017 0.000000202615
0.000020053012 -0.000045410291 0.000000035695
0.000008337184 0.000009962121 0.000000982514
0.000001254721 -0.000014882192 0.000000010167
0.000034873596 -0.000046875956 0.000000284460
-0.000009306862 -0.000000127219 0.000000401507
0.000033130157 -0.000026987660 0.000000820852
-0.000005689513 0.000013426191 0.000000493642
0.000039114145 -0.000031754822 0.000000930932
0.000001815501 -0.000023980570 0.000000380515
-0.000009542052 -0.000044400767 0.000000359242
0.000038964781 0.000009132479 0.000000485737
0.000038197505 -0.000005741588 0.000000049050
0.000008819603 -0.000045476734 0.000000559173
-0.000040327849 -0.000024913582 0.000000935450
0.000027187969 -0.000031591464 0.000000822680
-0.000021716569 -0.000004057030 0.000000968335
-0.000035011541 -0.000042016874 0.000000420380
-0.000007027829 -0.000043531227 0.000000177380
-0.000024433664 0.000006312643 0.000000871224
0.000033344192 0.000030019824 0.000000991599
0.000010875338 0.000031803978 0.000000404772
-0.000030503479 -0.000031990108 0.000000311790
0.000031540788 -0.000039641076 0.000000078591
-0.000041646044 -0.000042653729 0.000000118681
0.000046284403 0.000016404839 0.000000498977
0.000024428890 0.000039690390 0.000000578036
0.000000348901 0.000004314247 0.000000099270
-0.000028595150 0.000001815603 0.000000766484
-0.000028528987 -0.000027789976 0.000000127137
0.000015020003 -0.000040188001 0.000000722870
-0.000028723959 -0.000003236425 0.000000266018
0.000002175304 0.000012333113 0.000000713747
0.000000178015 0.000016692185 0.000000394828
-0.000003922929 -0.000025766280 0.000000651749
0.000023390228 0.000016885146 0.000000615244
0.000017018197 0.000043950400 0.000000096820
0.000007507120 0.000009923703 0.000000894413
0.000034297943 -0.000024296214 0.000000345204
-0.000033185910 -0.000041836354 0.000000728893
0.000031054109 -0.000026245099 0.000000257287
0.000025941457 -0.000006039030 0.000000995674
0.000019434534 -0.000031506168 0.000000948650
-0.000024066205 0.000045055405 0.000000073233
0.000015649925 0.000025742021 0.000000997894
-0.000006495250 0.000007967717 0.000000908281
0.000034102013 0.000017201456 0.000000187981
0.000030150787 -0.000016593516 0.000000044591
-0.000007252423 0.000011830615 0.000000186396
0.000031532046 0.000000721985 0.000000654339
-0.000010704807 -0.000010967023 0.000000978773
-0.000013318640 0.000034961769 0.000000818744
-0.000029991916 0.000043323965 0.000000228680
0.000041766309 0.000044468051 0.000000783596
0.000038448496 -0.000004903751 0.000000927011
-0.000001221312 -0.000022664838 0.000000788666
0.000015390165 -0.000023128074 0.000000097225
-0.000015949503 -0.000022475868 0.000000463459
-0.000017727315 -0.000030821480 0.000000262646
-0.000033450917 0.000004019018 0.000000455188
-0.000020684886 -0.000037012191 0.000000986644
0.000025557187 -0.000013671892 0.000000655156
-0.000012254843 0.000013873606 0.000000588672
0.000028702691 0.000038583758 0.000000933713
0.000009422849 -0.000034818358 0.000000376415
0.000037586814 -0.000011610334 0.000000422374
0.000005430667 0.000010812792 0.000000055672
0.000009733459 -0.000035093737 0.000000659842
0.000027403189 -0.000046853472 0.000000297857
0.000047482241 -0.000013278830 0.000000968158
0.000025516823 0.000046991445 0.000000833826
0.000013783052 -0.000025669819 0.000000990837
-0.000037945477 -0.000007886251 0.000000465286
0.000001527092 -0.000023697829 0.000000072118
0.000025579896 0.000027761834 0.000000398444
0.000002435969 -0.000045475633 0.000000194545
0.000049881719 0.000035997361 0.000000857419
0.000011779547 -0.000014888684 0.000000015578
-0.000039238689 0.000028710468 0.000000861474
0.000043816602 0.000034195255 0.000000471321
0.000029426520 0.000046623061 0.000000403557
-0.000044368845 0.000012395066 0.000000063850
0.000030047948 -0.000012875057 0.000000191783
0.000023308198 0.000049726301 0.000000023085
-0.000022767278 -0.000022296766 0.000000032238
0.000019175076 0.000040541659 0.000000575843
-0.000041200794 0.000049693195 0.000000610850
-0.000009045772 -0.000040016208 0.000000870285
0.000016207292 0.000008609907 0.000000719360
-0.000018678605 -0.000037709904 0.000000282024
-0.000028582094 0.000001197096 0.000000698163
0.000024389798 0.000029446554 0.000000006308
-0.000008894567 0.000003688522 0.000000660331
0.000045121656 -0.000016711910 0.000000238921
-0.000035562645 0.000049890557 0.000000766681
0.000027033019 0.000018415376 0.000000456099
-0.000031151890 -0.000017217510 0.000000878258
0.000010639349 0.000005686905 0.000000071000
0.000013909962 0.000001068742 0.000000335999
-0.000009236587 -0.000047351496 0.000000627170
0.000046616952 0.000009353808 0.000000402365
-0.000009199710 -0.000040261306 0.000000373960
0.000017681650 0.000005139233 0.000000980551
0.000024051165 -0.000021284157 0.000000828992
0.000046541927 -0.000025990205 0.000000328349
0.000027202059 -0.000041094675 0.000000376259
-0.000007652961 -0.000031870633 0.000000553335
-0.000009872287 -0.000031937493 0.000000759915
0.000014596739 -0.000015157890 0.000000505746
-0.000007891090 0.000009596870 0.000000450298
0.000037728075 0.000010485224 0.000000355698
-0.000040966967 0.000045948130 0.000000086518
0.000022948998 -0.000007706473 0.000000376943
-0.000016765111 -0.000042227175 0.000000685619
0.000009212050 0.000000095156 0.000000679298
-0.000006508344 0.000016192148 0.000000635755
-0.000004821466 0.000034998261 0.000000052525
-0.000005565333 0.000042272237 0.000000192426
-0.000008469407 0.000043259915 0.000000191552
-0.000019760853 0.000035413073 0.000000941617
0.000012856183 -0.000041262698 0.000000878869
-0.000045234125 -0.000011503980 0.000000164387
0.000042561593 -0.000031082277 0.000000469309
0.000043349546 0.000039021711 0.000000623946
0.000002933977 -0.000041394975 0.000000373245
0.000003998659 0.000031207923 0.000000550232
-0.000019211669 0.000041573248 0.000000533086
0.000008874761 -0.000003116826 0.000000859717
0.000033392004 0.000042662645 0.000000857673
-0.000035884346 0.000016409114 0.000000903227
-0.000026854040 -0.000000172240 0.000000961590
-0.000049938524 -0.000012175739 0.000000666545
-0.000033553867 -0.000042998999 0.000000791739
-0.000041470044 0.000033046787 0.000000834471
0.000033495564 -0.000025876071 0.000000051020
0.000044650315 -0.000005992284 0.000000048856
-0.000013051653 0.000034781755 0.000000685689
-0.000035075598 0.000044301805 0.000000240483
0.000005780006 0.000001900206 0.000000356952
-0.000000603460 -0.000024191705 0.000000359438
-0.000033926542 -0.000042967130 0.000000421524
0.000040155088 0.000009379548 0.000000006281
-0.000048126049 -0.000041689183 0.000000616023
0.000002078683 0.000014450924 0.000000932961
-0.000023437593 -0.000030905123 0.000000120241
-0.000019171790 -0.000048008940 0.000000901208
-0.000041029872 -0.000034614996 0.000000029224
-0.000043108328 0.000042719452 0.000000089309
-0.000000978208 0.000030063606 0.000000290251
0.000039778874 -0.000008237895 0.000000597313
0.000020528862 -0.000003452338 0.000000234738
0.000005890235 0.000030430485 0.000000712218
0.000024685770 -0.000023790913 0.000000415147
0.000021713836 0.000014796849 0.000000190181
-0.000033573161 -0.000007007048 0.000000099382
-0.000015571217 0.000027963591 0.000000617711
-0.000000274462 -0.000048638293 0.000000826906
-0.000013515752 0.000000274354 0.000000991149
0.000041438956 -0.000011281884 0.000000358032
-0.000045901265 0.000043235683 0.000000249539
-0.000010192728 0.000018341719 0.000000903465
0.000045483058 -0.000046599147 0.000000944951
0.000049141390 -0.000046667647 0.000000644170
0.000014782330 0.000049649048 0.000000268995
0.000025843437 -0.000035459968 0.000000509979
-0.000019017426 0.000030848307 0.000000696578
0.000032649119 -0.000021360221 0.000000961538
-0.000008030112 0.000000212024 0.000000768440
-0.000038316990 -0.000030879172 0.000000262156
-0.000031932524 -0.000045340172 0.000000679808
-0.000044848324 -0.000048300161 0.000000702588
0.000036317800 -0.000019531003 0.000000170793
-0.000039788890 0.000045573144 0.000000945844
-0.000046070998 0.000043190029 0.000000760594
-0.000039499109 0.000047609540 0.000000917169
-0.000032694099 0.000045067711 0.000000514503
0.000038047978 0.000017113355 0.000000436556
-0.000027673332 -0.000031691931 0.000000028354
-0.000045879194 0.000029889806 0.000000324191
0.000038014093 0.000034170550 0.000000671865
-0.000016299888 -0.000002717814 0.000000797794
-0.000018054338 -0.000002989809 0.000000279865
-0.000031589263 0.000020356233 0.000000217274
-0.000044439521 -0.000039299801 0.000000807999
0.000022534896 -0.000035213160 0.000000413988
0.000040563698 0.000016437934 0.000000711275
-0.000030787542 -0.000017488724 0.000000380791
0.000018558762 0.000044758377 0.000000933340
-0.000037733711 -0.000037643679 0.000000327892
0.000023013395 -0.000004929474 0.000000615156
0.000039936979 0.000014769001 0.000000922532
0.000048721093 0.000012630695 0.000000024386
-0.000040707654 -0.000020044783 0.000000231922
0.000034656158 0.000038764310 0.000000726527
0.000040653085 -0.000034203819 0.000000507783
-0.000048860706 -0.000028081370 0.000000256376
-0.000011181758 -0.000008407589 0.000000103269
-0.000027423511 0.000006005569 0.000000518014
0.000009090448 -0.000003718276 0.000000184177
0.000043239035 0.000037940794 0.000000480879
0.000003399203 -0.000019296616 0.000000723604
0.000038929691 -0.000006406281 0.000000527977
0.000012613988 0.000044869716 0.000000202406
-0.000024984635 -0.000049081630 0.000000272022
-0.000022118121 -0.000008690874 0.000000959168
0.000045005344 0.000030762087 0.000000586010
-0.000045125969 0.000039835746 0.000000381212
0.000022207307 0.000005147392 0.000000079872
0.000004217960 -0.000027425716 0.000000943111
-0.000026365467 0.000009127761 0.000000660656
-0.000029642165 -0.000037306901 0.000000385567
-0.000015276298 -0.000001523261 0.000000656006
-0.000006381249 -0.000043461661 0.000000339768
0.000049959646 -0.000007903004 0.000000066501
0.000029355518 0.000026274541 0.000000781556
0.000009995829 0.000036124306 0.000000446980
0.000039880323 0.000000657820 0.000000588647
-0.000043344792 -0.000025441368 0.000000896901
-0.000034393963 -0.000048834999 0.000000421097
0.000023048413 -0.000039827521 0.000000844286
0.000031073174 0.000043382434 0.000000496756
0.000029684429 -0.000028104504 0.000000462351
-0.000012806791 0.000048892920 0.000000697293
0.000019852754 0.000004460441 0.000000911727
-0.000001083753 0.000045157642 0.000000976130
-0.000003911814 0.000002962590 0.000000769621
-0.000009376860 0.000047674676 0.000000082838
-0.000002915595 0.000042489349 0.000000876342
-0.000017036781 -0.000025399813 0.000000452969
-0.000034625108 0.000000922416 0.000000296411
0.000024288956 -0.000000960331 0.000000728902
-0.000043353494 0.000030201092 0.000000242237
0.000033340350 -0.000013777438 0.000000368384
-0.000010732697 0.000027027215 0.000000957558
0.000011627798 0.000021767508 0.000000120421
0.000019426394 0.000031413829 0.000000978452
0.000038637805 0.000040421741 0.000000038713
0.000005767400 0.000041908149 0.000000786907
-0.000010499212 -0.000044386504 0.000000683870
0.000012304025 0.000005866945 0.000000453581
0.000003548959 0.000018961417 0.000000129528
-0.000038036090 0.000028041061 0.000000827386
-0.000047990900 0.000025232076 0.000000673484
0.000026766457 -0.000047772617 0.000000330745
-0.000014216318 0.000016787691 0.000000845582
-0.000019826198 -0.000003948944 0.000000473701
-0.000028100210 -0.000042378243 0.000000526498
0.000041617555 -0.000012840857 0.000000755712
0.000049142180 -0.000000945610 0.000000727076
-0.000039375043 0.000011146650 0.000000358750
-0.000000880807 -0.000018140633 0.000000299902
0.000038991816 0.000037751952 0.000000343832
-0.000038375257 -0.000006817546 0.000000298290
-0.000021769244 0.000024862876 0.000000555808
0.000045016151 0.000039071632 0.000000311991
-0.000027823517 -0.000035859813 0.000000800320
-0.000020429188 -0.000011417869 0.000000949830
-0.000026327465 0.000019102482 0.000000544886
-0.000035035469 -0.000001521307 0.000000640894
0.000035477362 0.000004041702 0.000000710388
-0.000046917764 -0.000035183747 0.000000226934
0.000038416816 0.000035712870 0.000000092016
0.000006440485 0.000035885559 0.000000632807
0.000035040170 0.000034446567 0.000000460680
0.000022745653 -0.000023371257 0.000000568537
0.000039600452 0.000049819904 0.000000087892
0.000008223149 0.000040642595 0.000000480556
-0.000035957492 0.000026404978 0.000000282712
0.000046545851 -0.000049535405 0.000000173004
0.000000769715 -0.000019239310 0.000000344468
-0.000022487032 -0.000041275717 0.000000012543
0.000039456898 0.000000600290 0.000000954925
0.000013092321 0.000044355961 0.000000493623
0.000037603398 -0.000003797459 0.000000045205
-0.000041369074 0.000009143825 0.000000956862
0.000036554488 0.000031815461 0.000000810387
-0.000019562836 0.000034472807 0.000000983563
-0.000046502201 -0.000049279279 0.000000036910
0.000024661331 -0.000002655923 0.000000538688
-0.000039809612 -0.000048970684 0.000000504525
0.000020349856 -0.000037716120 0.000000300059
0.000000684097 -0.000035856498 0.000000710191
0.000029636677 -0.000011571020 0.000000627042
-0.000029247734 -0.000015665306 0.000000385824
0.000018515910 0.000012195425 0.000000620622
0.000019349676 -0.000041624240 0.000000562592
0.000049800149 -0.000028474986 0.000000345432
-0.000031690445 0.000017175952 0.000000717292
-0.000037142099 0.000006029030 0.000000358893
0.000025057646 0.000029815901 0.000000242483
0.000012523340 0.000031362696 0.000000349754
0.000031918959 0.000001099374 0.000000050565
-0.000018554424 -0.000043421988 0.000000034581
-0.000003546184 -0.000042280351 0.000000335422
-0.000000746693 0.000006002067 0.000000105750
0.000020959681 0.000012150032 0.000000737320
-0.000018885565 0.000014061885 0.000000542028
-0.000023701107 0.000013080013 0.000000561056
0.000026035205 -0.000014012387 0.000000877420
0.000041622394 0.000047234190 0.000000449615
-0.000034785937 -0.000043827341 0.000000257866
-0.000031983997 0.000012261214 0.000000951106
0.000006337956 0.000046655793 0.000000841737
0.000008505743 0.000040186825 0.000000031415
-0.000016448586 0.000002811574 0.000000920796
-0.000006419871 0.000038688608 0.000000051983
-0.000012425105 -0.000023180760 0.000000738938
-0.000002547318 0.000041569255 0.000000440462
-0.000036411224 -0.000019533508 0.000000952692
0.000023825072 -0.000044411738 0.000000990860
-0.000008610314 -0.000030083012 0.000000472160
0.000042438409 -0.000037148611 0.000000662151
0.000014093637 0.000003531085 0.000000449672
0.000002728587 0.000006960678 0.000000379183
-0.000044889086 -0.000032617075 0.000000508002
-0.000029738421 -0.000048219696 0.000000865849
-0.000015395011 -0.000049802271 0.000000591942
0.000043737933 -0.000002012878 0.000000192719
0.000012141052 -0.000031148441 0.000000996364
0.000025615043 -0.000042018790 0.000000572544
0.000002467030 -0.000032600917 0.000000224760
0.000009913010 0.000017883354 0.000000774664
0.000011124841 -0.000004338410 0.000000901419
-0.000040314065 -0.000000561642 0.000000095273
0.000029955967 -0.000040661068 0.000000441367
0.000042024808 -0.000027228442 0.000000987231
0.000014586161 -0.000026789998 0.000000124874
-0.000026960105 0.000031513624 0.000000221064
0.000024797118 -0.000049992025 0.000000869506
0.000003002152 0.000046801983 0.000000011123
-0.000009543329 0.000003034487 0.000000487384
-0.000018129931 0.000037929394 0.000000619460
0.000018876104 0.000028037355 0.000000407178
-0.000022349982 0.000003810382 0.000000900145
0.000033192087 0.000045208822 0.000000608831
0.000003526610 0.000018017105 0.000000883050
0.000007220446 0.000043165761 0.000000237407
-0.000039345956 -0.000004450782 0.000000329866
0.000047016580 -0.000006373309 0.000000942064
0.000025791917 -0.000006627787 0.000000398471
0.000001071631 -0.000046234398 0.000000247415
0.000011762565 -0.000021830703 0.000000200056
-0.000007849940 -0.000016886105 0.000000879250
-0.000017755214 0.000036116385 0.000000046995
0.000043383877 -0.000020464996 0.000000677519
0.000025454653 0.000017787798 0.000000201422
0.000005105902 -0.000010438266 0.000000951163
0.000032761872 0.000016769622 0.000000226820
-0.000043408475 0.000010938768 0.000000750868
-0.000044020152 -0.000037214623 0.000000756146
-0.000015981712 -0.000016339160 0.000000869728
0.000042818691 0.000044202227 0.000000305090
0.000026498593 0.000034318091 0.000000862707
0.000019620481 -0.000032262936 0.000000828990
-0.000014532826 0.000036893082 0.000000784199
-0.000012759837 0.000021481468 0.000000663786
-0.000035415979 0.000030924236 0.000000072466
0.000020215363 0.000038832522 0.000000620199
-0.000049742896 -0.000042622743 0.000000905642
-0.000042711404 -0.000023529961 0.000000356107
-0.000038757079 0.000001111311 0.000000377505
-0.000003470690 -0.000019776356 0.000000383035
0.000008617842 0.000017114176 0.000000126247
-0.000005938523 -0.000015759901 0.000000115298
-0.000017609953 0.000006427130 0.000000861697
-0.000030116994 0.000010095471 0.000000045753
-0.000031694853 0.000043732528 0.000000684815
-0.000043472559 0.000015346503 0.000000120389
0.000046257212 -0.000001090101 0.000000246327
0.000028891374 0.000041585094 0.000000486188
0.000016215800 -0.000006468037 0.000000036073
0.000028182471 0.000001966785 0.000000973172
-0.000041250996 0.000031256413 0.000000674566
-0.000025095330 0.000033656328 0.000000982934
0.000002719224 -0.000011988217 0.000000436063
-0.000039266277 -0.000020821480 0.000000410580
0.000031681674 -0.000040009023 0.000000026295
0.000043675526 -0.000034343087 0.000000056833
-0.000045239727 0.000042568993 0.000000991483
0.000041151440 -0.000043875953 0.000000571969
-0.000039201787 0.000044091483 0.000000236623
-0.000040234642 0.000020404583 0.000000155645
0.000011338221 0.000029349468 0.000000821915
0.000004120956 -0.000004173664 0.000000928272
-0.000004199228 0.000026952734 0.000000270380
-0.000016671984 0.000048186447 0.000000570474
0.000033933631 0.000006985343 0.000000483641
-0.000044908521 0.000022013238 0.000000310610
0.000024754900 -0.000021724483 0.000000975796
0.000032234017 0.000013517444 0.000000794945
-0.000044858328 0.000031148463 0.000000798237
-0.000009321899 0.000034267770 0.000000105828
0.000013494485 -0.000046150969 0.000000798980
-0.000007331469 0.000017342631 0.000000469666
0.000014050426 0.000002553947 0.000000120109
-0.000042064387 -0.000009923644 0.000000963889
-0.000013618395 -0.000043775919 0.000000179785
0.000043940452 -0.000009515446 0.000000687642
-0.000045973727 -0.000015106404 0.000000779470
-0.000036758199 -0.000013533921 0.000000096401
-0.000037056039 0.000037424779 0.000000557561
-0.000012492269 0.000030609995 0.000000775186
0.000015448483 -0.000015747428 0.000000464808
-0.000029806843 0.000013739182 0.000000686877
-0.000010659586 0.000007156480 0.000000227438
-0.000007162560 0.000039876421 0.000000191054
-0.000047858713 0.000031227588 0.000000396413
0.000042156164 0.000001025339 0.000000505953
-0.000015188992 -0.000019791164 0.000000533466
0.000003264622 -0.000023493254 0.000000430054
0.000045997208 0.000047117547 0.000000160839
0.000040352347 0.000039877868 0.000000036185
-0.000026513099 -0.000010044984 0.000000744839
-0.000006061096 -0.000042138002 0.000000838006
-0.000037937490 0.000026468191 0.000000685368
0.000019846994 -0.000033568511 0.000000392222
0.000016804560 -0.000016420350 0.000000735890
-0.000048273737 0.000045704982 0.000000656046
-0.000022206214 -0.000023545196 0.000000722361
0.000008516132 0.000045473039 0.000000019949
0.000019413863 0.000007491706 0.000000663727
0.000010781375 -0.000013187160 0.000000707064
0.000000466521 -0.000029510327 0.000000452636
-0.000024262114 0.000031276392 0.000000014435
-0.000039581321 0.000007881401 0.000000357728
0.000022527965 0.000036989012 0.000000903024
-0.000014640364 0.000024626037 0.000000364296
-0.000026267749 -0.000041790659 0.000000025908
-0.000023209598 -0.000022698167 0.000000884528
0.000022698505 0.000045004113 0.000000465500
0.000002850458 0.000026186101 0.000000087666
-0.000000256044 0.000025223704 0.000000433324
-0.000024033347 -0.000045986792 0.000000450473
0.000042627300 -0.000019233245 0.000000197817
-0.000011681676 0.000049783778 0.000000817076
0.000034845502 0.000018074860 0.000000871354
0.000045899617 0.000021702653 0.000000078081
0.000048457842 0.000039501334 0.000000647701
-0.000017984491 0.000039017612 0.000000955305
0.000004393927 -0.000009986901 0.000000277734
-0.000037182164 0.000000046467 0.000000157910
0.000006340165 -0.000030529607 0.000000578538
-0.000026842633 -0.000000670742 0.000000142495
-0.000048567362 0.000006568743 0.000000486512
-0.000010106609 -0.000036592920 0.000000693716
-0.000006850133 -0.000033485715 0.000000813202
-0.000031525029 0.000037404859 0.000000482028
-0.000042838901 -0.000019704259 0.000000427362
-0.000023022636 0.000012474049 0.000000339474
-0.000039702375 -0.000040792338 0.000000226023
-0.000028347416 0.000035487632 0.000000151491
0.000021369763 -0.000018584202 0.000000356797
-0.000049058789 0.000040762289 0.000000335331
0.000045769101 -0.000045360741 0.000000969403
0.000021803813 0.000042355409 0.000000778970
0.000007736006 0.000007384198 0.000000554054
-0.000040896981 0.000031956322 0.000000274411
0.000035777506 -0.000034462510 0.000000530109
0.000012902706 -0.000018140561 0.000000913069
-0.000011081214 -0.000017595234 0.000000659491
-0.000003227873 0.000021710966 0.000000175788
0.000018246454 -0.000019923937 0.000000057610
0.000006869966 0.000017887647 0.000000337587
0.000014689484 0.000045027818 0.000000850603
0.000035243862 -0.000000567256 0.000000095924
-0.000004586217 0.000036188923 0.000000029499
-0.000007317872 -0.000023691263 0.000000655513
0.000032860342 -0.000004062457 0.000000729985
-0.000012629795 0.000021531905 0.000000527822
-0.000000481197 -0.000026200026 0.000000856028
0.000005179305 -0.000024064452 0.000000272652
0.000026845579 0.000031994431 0.000000306195
0.000032748872 -0.000026831479 0.000000641469
-0.000033954993 -0.000007585303 0.000000449477
0.000010633474 -0.000017039629 0.000000347230
0.000019847302 -0.000038898936 0.000000982071
-0.000021842020 -0.000020217750 0.000000013060
-0.000011349425 0.000026031956 0.000000485343
-0.000048182678 -0.000021647886 0.000000100127
-0.000023491264 0.000047208464 0.000000887085
-0.000047812013 -0.000000075953 0.000000228444
0.000043595409 -0.000039248718 0.000000532554
0.000033768282 -0.000005672589 0.000000901010
-0.000040941916 -0.000042600755 0.000000487621
-0.000009100205 0.000034829284 0.000000668606
-0.000043605988 -0.000003812333 0.000000997484
-0.000034239775 0.000033404309 0.000000247799
0.000037167191 -0.000002817800 0.000000974372
-0.000005053903 -0.000031621868 0.000000259158
0.000036720207 -0.000038924152 0.000000138132
0.000024910496 -0.000014223694 0.000000617867
-0.000011673561 0.000006643750 0.000000655212
0.000016202717 -0.000032395941 0.000000992150
0.000009433618 0.000012079471 0.000000788361
-0.000032563289 0.000036541955 0.000000527933
-0.000032195884 -0.000014960672 0.000000964184
0.000032106524 0.000023774719 0.000000707961
-0.000046077183 0.000040200312 0.000000963001
0.000019303143 -0.000042271540 0.000000113715
0.000019350559 -0.000044527409 0.000000968519
0.000005227358 -0.000042264459 0.000000355744
0.000043118687 -0.000028383139 0.000000065412
0.000014674525 0.000041113328 0.000000087437
0.000000879571 -0.000004973558 0.000000577965
0.000029642232 -0.000003773659 0.000000654720
0.000043980097 -0.000017130642 0.000000293394
-0.000042359996 0.000034119952 0.000000725144
-0.000022674692 -0.000038971396 0.000000551777
0.000022950685 0.000000177576 0.000000635872
0.000031689700 -0.000042584554 0.000000973719
-0.000042211354 -0.000020231381 0.000000066296
0.000034328121 0.000027459495 0.000000837766
0.000026363726 -0.000011284483 0.000000964070
-0.000043819679 0.000023155619 0.000000018468
0.000022284482 0.000042885533 0.000000711088
0.000027505645 0.000012261087 0.000000249538
0.000001513603 0.000037121736 0.000000396638
0.000011911677 0.000000241300 0.000000471645
-0.000005280811 0.000024550522 0.000000940567
0.000006891310 -0.000012721727 0.000000739329
-0.000043166763 0.000015301229 0.000000912074
-0.000039041163 -0.000035769293 0.000000482580
-0.000044360179 -0.000030899666 0.000000074604
-0.000005870028 0.000002145480 0.000000858763
-0.000029079735 0.000015142773 0.000000377055
0.000039115438 -0.000001975004 0.000000784624
0.000049474677 -0.000049732463 0.000000218582
-0.000028198962 0.000012798095 0.000000392577
-0.000031401816 -0.000033865435 0.000000693084
0.000003509176 0.000023162080 0.000000529011
-0.000000174364 -0.000011332527 0.000000904418
0.000026643269 -0.000049506478 0.000000179370
-0.000022011852 0.000007457047 0.000000492547
-0.000016351077 -0.000041878675 0.000000496481
-0.000037411876 -0.000027582330 0.000000514948
-0.000021020081 -0.000011221702 0.000000457985
-0.000049104153 0.000016568595 0.000000039714
0.000014197711 0.000023681163 0.000000458308
0.000046844797 -0.000033905560 0.000000387041
-0.000041465813 0.000024788894 0.000000461195
0.000003334477 0.000003368114 0.000000885647
-0.000001490542 0.000032846893 0.000000072554
0.000033031874 0.000010554422 0.000000222627
0.000025441200 0.000031234880 0.000000231160
0.000013311602 -0.000048754088 0.000000713877
-0.000004268690 0.000022936481 0.000000109382
0.000047868563 -0.000043795083 0.000000158543
-0.000023545529 -0.000021790925 0.000000108609
-0.000001693885 -0.000018720418 0.000000548667
0.000004377663 -0.000027810647 0.000000842141
0.000047404731 0.000027284358 0.000000260014
-0.000022765680 0.000003034268 0.000000398791
0.000012328004 -0.000029889050 0.000000877383
0.000023709176 -0.000041921929 0.000000128636
-0.000026258274 0.000033306126 0.000000988276
0.000015095765 -0.000028409869 0.000000024692
-0.000011595179 -0.000019790316 0.000000900182
0.000001274762 0.000014592200 0.000000756542
-0.000003391283 -0.000049728260 0.000000989517
0.000039823211 -0.000029617572 0.000000204940
0.000016635874 -0.000010397201 0.000000022313
-0.000047217764 0.000000113304 0.000000130855
-0.000023396830 -0.000031091193 0.000000231285
-0.000001260746 -0.000030654105 0.000000641274
-0.000048747081 0.000000104809 0.000000714165
0.000000007565 0.000026631648 0.000000520396
-0.000044863776 0.000000391311 0.000000877126
0.000017547976 -0.000028260973 0.000000517876
-0.000043505656 -0.000028580001 0.000000124750
0.000042458856 -0.000039529874 0.000000688641
0.000012694060 0.000028449885 0.000000432576
-0.000040084132 -0.000034179747 0.000000560517
-0.000023157307 -0.000039377108 0.000000049248
-0.000031425179 -0.000014316449 0.000000603439
0.000010278275 -0.000001036727 0.000000960182
-0.000034859752 -0.000005221188 0.000000626921
-0.000032749227 0.000000055867 0.000000249444
-0.000015428188 0.000047241435 0.000000768384
0.000040257798 0.000025051874 0.000000109588
0.000003264055 0.000010942126 0.000000529595
-0.000035764079 -0.000010343974 0.000000509724
-0.000035267064 0.000008951461 0.000000026420
-0.000049548306 0.000041609301 0.000000364400
-0.000008589134 -0.000025659674 0.000000168385
0.000029931991 -0.000007102230 0.000000096290
-0.000015323354 0.000020555704 0.000000884846
0.000047616649 -0.000038673530 0.000000559135
0.000029308762 0.000019399245 0.000000908244
0.000022983035 -0.000046183605 0.000000835052
-0.000049442982 0.000038748435 0.000000064819
0.000030194080 0.000045296807 0.000000861494
-0.000049418981 0.000024250704 0.000000481423
0.000021904582 -0.000044008726 0.000000008519
0.000032446705 0.000011333844 0.000000825958
0.000025318140 -0.000005047985 0.000000629218
0.000029630943 -0.000039218672 0.000000370591
0.000028440452 -0.000012349542 0.000000369956
-0.000039322382 -0.000022019737 0.000000129442
0.000015402768 0.000021565146 0.000000699154
-0.000009537098 0.000027812981 0.000000842428
-0.000003963191 0.000010662707 0.000000983731
0.000045344304 -0.000022373365 0.000000366004
-0.000005773493 -0.000047345780 0.000000359094
0.000012229815 -0.000040096293 0.000000984364
0.000003377675 0.000001257620 0.000000805424
0.000046325112 0.000002012434 0.000000148636
-0.000025855024 -0.000029900288 0.000000406320
-0.000032185462 -0.000043359027 0.000000304154
-0.000040946856 0.000007200491 0.000000004774
-0.000025354440 -0.000024680906 0.000000000399
-0.000023325603 0.000000601278 0.000000174208
-0.000008984934 -0.000014854462 0.000000133814
-0.000017392587 0.000004988876 0.000000633861
0.000025750786 -0.000008330779 0.000000164478
0.000026782441 -0.000033069156 0.000000317149
0.000033946288 -0.000038635772 0.000000150338
0.000016106573 -0.000001636698 0.000000722152
0.000036256328 -0.000047792309 0.000000787093
-0.000012873084 0.000035062429 0.000000953890
0.000043668513 -0.000048113985 0.000000003931
-0.000037946708 0.000049363582 0.000000177311
-0.000047369484 -0.000014973507 0.000000670068
-0.000040675269 -0.000027513482 0.000000672287
-0.000048635375 0.000000531549 0.000000589890
0.000013976485 -0.000018169771 0.000000210526
0.000048668566 -0.000045205241 0.000000559318
0.000007444400 -0.000012600460 0.000000206681
-0.000046192300 -0.000008396580 0.000000017264
-0.000029547549 0.000033352346 0.000000727569
0.000044341686 -0.000005123450 0.000000833586
-0.000013375596 -0.000022900522 0.000000263702
-0.000048076648 0.000044163766 0.000000659394
-0.000042119336 -0.000044931961 0.000000834490
-0.000023048324 0.000030317698 0.000000568128
0.000010515347 -0.000030410220 0.000000123571
0.000020814923 -0.000023559860 0.000000549666
0.000033942152 -0.000046237093 0.000000817417
-0.000011682094 0.000022497341 0.000000407767
0.000006244740 0.000035197900 0.000000469476
0.000046273199 0.000044363211 0.000000297253
0.000008156799 -0.000048134513 0.000000116662
-0.000029271803 0.000008654392 0.000000525725
-0.000028330539 -0.000046296572 0.000000458866
-0.000003088942 0.000018962761 0.000000115853
-0.000048507582 0.000019059669 0.000000194765
-0.000029910633 0.000032036045 0.000000278998
0.000009721313 -0.000045312969 0.000000393577
0.000038184865 0.000010506673 0.000000663922
0.000028143912 -0.000021445705 0.000000309906
-0.000013166765 -0.000046298345 0.000000720820
0.000047694245 0.000031933365 0.000000802337
-0.000028640056 -0.000030653197 0.000000626911
0.000010007742 0.000009227695 0.000000306610
0.000037837013 0.000025841622 0.000000450586
0.000002537460 0.000018098130 0.000000600846
0.000017233871 0.000007702853 0.000000887363
-0.000015658896 -0.000003120298 0.000000520140
-0.000013057774 0.000034553755 0.000000921972
-0.000016528773 -0.000039687589 0.000000720129
-0.000030230631 0.000005834103 0.000000473567
-0.000018995554 0.000014897590 0.000000658061
0.000043814839 0.000005701762 0.000000947329
0.000039690044 -0.000025573137 0.000000858310
-0.000027236939 0.000024055134 0.000000165800
0.000031058107 -0.000037603746 0.000000483036
-0.000016670187 -0.000026919538 0.000000897765
0.000033812013 -0.000042677663 0.000000380907
-0.000003866709 0.000028487251 0.000000187309
-0.000030743872 0.000046297024 0.000000970565
-0.000047067747 0.000049023336 0.000000008117
-0.000039896569 -0.000012224547 0.000000909941
0.000044578657 -0.000013799530 0.000000255187
-0.000006924725 0.000045557564 0.000000470400
-0.000039401653 -0.000030525894 0.000000524275
-0.000035674435 -0.000032349012 0.000000630816
0.000021940419 -0.000029672716 0.000000766012
0.000046188494 0.000005532183 0.000000038483
-0.000044922448 0.000036726769 0.000000964879
-0.000002050802 -0.000019440143 0.000000801140
0.000035835837 -0.000006922315 0.000000566808
-0.000022497588 0.000020244839 0.000000561362
0.000038695532 0.000022961216 0.000000092364
0.000015274972 0.000017571044 0.000000874842
0.000029651893 -0.000037868112 0.000000066661
0.000034622998 0.000037477974 0.000000974080
0.000015244324 0.000004203426 0.000000151726
0.000015429328 0.000045093118 0.000000914880
-0.000048474988 0.000020014130 0.000000554176
-0.000018999639 0.000043304667 0.000000555826
-0.000035618591 -0.000002737425 0.000000576886
0.000014183999 -0.000033480941 0.000000220054
0.000003330578 0.000024242454 0.000000971928
0.000039018958 0.000043230519 0.000000526143
0.000014988004 -0.000031635409 0.000000220006
0.000015350310 -0.000039945813 0.000000582587
-0.000044995273 0.000017408282 0.000000600245
-0.000011324516 -0.000019711379 0.000000865295
-0.000004293871 0.000012776749 0.000000455571
-0.000035859482 -0.000009037952 0.000000416477
0.000000498094 -0.000016644511 0.000000499572
-0.000015943141 0.000013796540 0.000000172901
0.000007322361 0.000026021950 0.000000598556
-0.000028272076 -0.000043765105 0.000000841740
-0.000032031300 0.000009940216 0.000000955534
0.000042098120 -0.000032096041 0.000000401474
0.000023061219 0.000046197317 0.000000927043
0.000031612754 0.000045176917 0.000000747497
0.000030284499 0.000009641826 0.000000839393
0.000024036174 -0.000025380369 0.000000835875
0.000025734521 0.000025058286 0.000000718988
-0.000042517158 0.000037496669 0.000000663968
-0.000009954533 0.000031790427 0.000000264606
-0.000016965363 0.000016897116 0.000000991425
0.000021512741 0.000024728016 0.000000765813
-0.000000612325 -0.000038383578 0.000000197053
-0.000001357094 0.000011175613 0.000000598578
-0.000046892403 0.000014885455 0.000000474901
0.000015449532 0.000005197568 0.000000391980
-0.000032239172 0.000021316011 0.000000996184
0.000020747063 0.000022097582 0.000000998663
0.000037667730 0.000028864577 0.000000704298
-0.000013245110 0.000031899104 0.000000124485
0.000012123792 0.000029579099 0.000000378724
-0.000018794047 0.000021848557 0.000000389365
0.000018674188 0.000038830448 0.000000642120
-0.000035950183 0.000043725836 0.000000073021
0.000001649462 0.000048206562 0.000000824678
0.000018994221 -0.000008318768 0.000000391669
-0.000014436051 -0.000033239549 0.000000425113
-0.000023273885 -0.000049148945 0.000000989330
0.000034310675 -0.000006781846 0.000000348721
0.000043413927 0.000008978970 0.000000043721
0.000038129813 0.000020223387 0.000000272871
-0.000047905427 -0.000025538401 0.000000037896
-0.000010202442 0.000034635371 0.000000143400
0.000033616568 0.000013411866 0.000000164620
-0.000006801559 -0.000005034139 0.000000744930
-0.000007236148 -0.000035010392 0.000000256623
0.000001338716 0.000026835079 0.000000216139
0.000041183230 0.000034298080 0.000000481119
0.000036286255 0.000016273788 0.000000797703
-0.000033012802 -0.000013592064 0.000000287490
0.000022674224 0.000045625262 0.000000611607
-0.000036928274 0.000000383374 0.000000939652
0.000032433107 0.000021931486 0.000000499947
-0.000023262214 -0.000021752316 0.000000114749
-0.000031503648 -0.000005159591 0.000000522264
-0.000014503267 -0.000032732131 0.000000526560
0.000031778658 -0.000018918934 0.000000123450
0.000004651478 -0.000045181150 0.000000411908
0.000032608750 0.000005274028 0.000000043897
-0.000038654316 -0.000012873350 0.000000857333
-0.000049526558 0.000042886407 0.000000085129
0.000045474694 -0.000024979812 0.000000435587
0.000025653325 -0.000043710418 0.000000109889
0.000011334740 0.000016896627 0.000000831929
0.000034681280 0.000045192744 0.000000320360
0.000024921322 -0.000000683648 0.000000487014
0.000021730091 -0.000022933448 0.000000495379
0.000020703618 0.000010512391 0.000000062318
-0.000009423492 -0.000014134558 0.000000122013
-0.000004491829 0.000029675903 0.000000984999
-0.000026848339 0.000012998579 0.000000771756
-0.000030034756 0.000023507812 0.000000151727
0.000001768576 0.000027800647 0.000000703737
-0.000020322025 -0.000046718094 0.000000941479
-0.000036491471 0.000001753932 0.000000806741
0.000031476885 -0.000043756286 0.000000650166
-0.000028089416 0.000038219070 0.000000515028
-0.000023560847 0.000016178412 0.000000984930
-0.000002431735 -0.000034308929 0.000000421723
-0.000007907118 0.000016760517 0.000000135970
0.000009923061 -0.000006936004 0.000000734148
0.000014241144 0.000029499812 0.000000652832
-0.000031325560 0.000049921204 0.000000843770
-0.000038642084 -0.000023616617 0.000000329873
0.000039627755 -0.000028876464 0.000000364850
0.000019456654 -0.000047111321 0.000000705502
0.000049516750 -0.000038915043 0.000000785770
0.000023376111 -0.000033346642 0.000000795181
0.000013163596 0.000041961599 0.000000867527
0.000035435857 -0.000007870585 0.000000499368
-0.000018792833 0.000018451885 0.000000093194
-0.000047717158 -0.000027526892 0.000000266053
0.000017289726 0.000046460636 0.000000492823
0.000012280873 0.000023960291 0.000000704002
-0.000046042158 -0.000033551744 0.000000728929
0.000045290875 0.000015453576 0.000000604606
0.000045009229 0.000024117377 0.000000278006
-0.000022351701 -0.000040818918 0.000000772808
0.000025888990 -0.000045450381 0.000000340578
0.000003277542 -0.000001633887 0.000000850034
-0.000026916443 0.000014423401 0.000000936182
-0.000026314177 -0.000035644931 0.000000504284
0.000010584310 -0.000030524074 0.000000913451
0.000038134393 -0.000029368683 0.000000578057
0.000044891049 -0.000008015831 0.000000477124
0.000007512844 -0.000011003898 0.000000426752
0.000040142218 0.000008952281 0.000000110786
0.000016895005 0.000033660129 0.000000778527
0.000020753410 0.000041998038 0.000000561052
-0.000001294006 0.000004193639 0.000000474798
-0.000035623631 0.000031543306 0.000000840101
0.000038422873 -0.000008918625 0.000000917226
0.000011049496 -0.000030928397 0.000000411806
-0.000005540195 0.000011105775 0.000000269165
0.000026812510 0.000005720557 0.000000498694
-0.000022542733 -0.000035325642 0.000000043690
0.000030845860 -0.000030833176 0.000000461196
0.000004760748 -0.000004016500 0.000000427895
-0.000039064608 0.000045779941 0.000000560931
0.000035115518 -0.000000655674 0.000000384033
-0.000013846553 -0.000046365041 0.000000368895
-0.000012727955 0.000022771806 0.000000542225
0.000041252381 -0.000035738526 0.000000365532
0.000017798297 0.000033991276 0.000000099596
-0.000021331462 0.000000884481 0.000000401488
0.000044067949 0.000013326375 0.000000111075
-0.000048445687 -0.000021700155 0.000000199776
-0.000028489063 0.000008000326 0.000000556632
0.000008623811 0.000045680152 0.000000914146
-0.000035579207 0.000034564274 0.000000090604
-0.000026305644 0.000044292215 0.000000363403
-0.000012976641 0.000044117027 0.000000313593
0.000038081765 -0.000030922230 0.000000787741
-0.000006745134 -0.000017303375 0.000000476540
0.000035780793 0.000043192858 0.000000836297
-0.000031219157 0.000046692810 0.000000237695
0.000049334848 -0.000027769212 0.000000955818
0.000046143186 -0.000042519943 0.000000090487
-0.000018218832 0.000001054733 0.000000744472
-0.000045330649 -0.000008524814 0.000000613950
0.000043262324 0.000034098976 0.000000223933
-0.000025482516 0.000027874372 0.000000352855
0.000018474273 0.000038222778 0.000000624422
0.000002715440 0.000025737009 0.000000767595
0.000020840610 0.000002553066 0.000000418580
0.000032812759 -0.000001700934 0.000000947944
0.000014832661 0.000015902252 0.000000028763
0.000002510961 0.000013206676 0.000000886339
-0.000041993981 0.000010592686 0.000000517291
-0.000026745118 0.000031451406 0.000000010918
0.000017564561 -0.000036073530 0.000000985570
-0.000005802107 0.000005071257 0.000000657306
0.000005310619 -0.000038776320 0.000000366964
0.000021319404 0.000031986833 0.000000911487
-0.000004032014 -0.000005207596 0.000000579109
-0.000020331930 -0.000018995430 0.000000344969
-0.000047460527 -0.000012405547 0.000000478129
-0.000019625050 0.000034082904 0.000000513101
0.000013241510 -0.000023188735 0.000000103549
-0.000010897202 0.000001150246 0.000000316110
0.000015794975 0.000020851292 0.000000511414
-0.000044918096 0.000013700651 0.000000774220
0.000046597515 -0.000011551632 0.000000369190
0.000005687550 -0.000049602084 0.000000964954
-0.000036787080 -0.000020298639 0.000000473261
0.000048141714 0.000031666874 0.000000847709
0.000010796856 -0.000042548770 0.000000550800
-0.000044373250 0.000041307703 0.000000723000
-0.000035924807 -0.000011280510 0.000000709741
0.000011690270 0.000049321609 0.000000374490
-0.000028133431 -0.000005997988 0.000000431105
-0.000028040238 0.000003320488 0.000000511167
-0.000013564888 0.000008101235 0.000000391398
-0.000007448840 0.000006840654 0.000000305621
0.000009993351 -0.000010380573 0.000000458519
0.000044050871 0.000026591218 0.000000822817
-0.000048369955 -0.000025919485 0.000000409858
0.000028354799 0.000008101290 0.000000421152
-0.000030637142 -0.000018934822 0.000000873418
0.000032756791 -0.000041481971 0.000000146274
-0.000041105821 0.000019358253 0.000000408701
0.000001130978 0.000044451269 0.000000470555
0.000008663271 0.000008756473 0.000000471488
0.000027142760 -0.000010525119 0.000000739795
-0.000040674902 0.000027063242 0.000000242121
-0.000026939325 -0.000036488207 0.000000398959
0.000004554853 -0.000006161344 0.000000036193
0.000032959111 -0.000007887350 0.000000114104
0.000025006196 -0.000011834783 0.000000864238
-0.000022907868 0.000046905185 0.000000208878
-0.000009148035 -0.000049512278 0.000000329783
0.000036582019 0.000031120929 0.000000126453
0.000028920753 -0.000025805113 0.000000988452
0.000012516572 -0.000021011473 0.000000256218
0.000005423875 0.000009555486 0.000000953101
-0.000000966412 0.000014653693 0.000000395027
0.000009173523 0.000013963340 0.000000356433
-0.000042566317 -0.000020287204 0.000000562752
-0.000035109048 0.000034990319 0.000000278964
0.000043052134 0.000045003797 0.000000461286
-0.000036711349 -0.000026786477 0.000000698305
0.000002192034 0.000022906137 0.000000918831
0.000047786220 -0.000004604952 0.000000057606
-0.000026306924 -0.000044488108 0.000000547719
-0.000041073919 -0.000013592746 0.000000507037
-0.000000573412 0.000045869431 0.000000613983
-0.000046960006 -0.000026681921 0.000000433550
-0.000004068216 -0.000043348904 0.000000178958
0.000029368827 -0.000029407442 0.000000157730
-0.000001447534 0.000042227581 0.000000392914
0.000027631527 0.000049973764 0.000000869022
-0.000034387506 0.000038635016 0.000000533608
0.000024838278 0.000034890588 0.000000003655
-0.000022946819 -0.000033975208 0.000000775751
-0.000007268020 -0.000038973079 0.000000310748
0.000012554488 -0.000039807979 0.000000408994
-0.000037739006 0.000022168345 0.000000556951
0.000041563863 -0.000031580028 0.000000632418
-0.000005124579 0.000007109519 0.000000529639
0.000029740172 -0.000033209243 0.000000073635
-0.000042781257 -0.000037303425 0.000000160285
-0.000003652307 -0.000043502785 0.000000891336
-0.000042594618 -0.000005609086 0.000000215288
0.000003804850 -0.000013099647 0.000000634987
0.000011607306 -0.000018833807 0.000000174717
-0.000006547901 0.000011906856 0.000000417875
0.000012829300 -0.000032598084 0.000000093538
0.000041268154 -0.000019293843 0.000000541821
-0.000018763769 0.000025281088 0.000000488817
-0.000016019276 0.000028181630 0.000000256689
0.000004396388 0.000012452174 0.000000764019
0.000025251035 -0.000019307007 0.000000870094
0.000001547409 0.000035263251 0.000000008776
-0.000031395986 -0.000037545503 0.000000562230
-0.000043780762 0.000002687369 0.000000016722
-0.000015212057 -0.000020309519 0.000000659153
-0.000048476677 -0.000021685844 0.000000447625
-0.000009394650 -0.000007786291 0.000000795330
0.000013245530 -0.000002741701 0.000000284236
0.000047182430 -0.000035117460 0.000000362889
-0.000037317172 0.000015864553 0.000000327152
-0.000028226997 -0.000038826801 0.000000384756
0.000002986178 0.000032652187 0.000000704024
0.000030321154 0.000005924428 0.000000216891
-0.000035726157 -0.000001632752 0.000000501397
0.000046394665 0.000042795406 0.000000564217
0.000005986870 0.000002404212 0.000000379456
-0.000017336824 0.000010672656 0.000000601184
0.000035756565 -0.000009576963 0.000000773314
-0.000035666826 0.000030821935 0.000000817712
0.000018299562 0.000039218538 0.000000941683
-0.000034374465 -0.000008782650 0.000000751281
-0.000023914166 0.000041955031 0.000000506587
0.000000676162 0.000006075546 0.000000527562
-0.000017681311 0.000022809418 0.000000587689
0.000024459929 -0.000005837720 0.000000177988
-0.000024255541 0.000024922707 0.000000294547
0.000014880138 -0.000041906618 0.000000429309
-0.000040917049 0.000008241422 0.000000961294
0.000025617463 -0.000041795945 0.000000055605
0.000024576528 -0.000003214869 0.000000194780
-0.000006999260 0.000018465462 0.000000765523
0.000027170261 0.000020925476 0.000000976869
-0.000039809759 0.000008488772 0.000000351254
-0.000015160524 0.000033995884 0.000000062181
-0.000041092599 -0.000046251156 0.000000818661
-0.000036948501 -0.000022209956 0.000000728047
0.000029229116 0.000028121349 0.000000617290
0.000013689701 -0.000031218904 0.000000720111
-0.000001599273 -0.000001154563 0.000000662172
-0.000039003569 0.000045929866 0.000000243111
-0.000040865194 -0.000023081348 0.000000209948
0.000045700139 -0.000022424395 0.000000692007
-0.000026892168 0.000027860517 0.000000277072
0.000017526811 -0.000007151584 0.000000124463
-0.000039587505 0.000035205146 0.000000249232
-0.000038811646 -0.000047943960 0.000000822706
0.000003222337 0.000005356228 0.000000385428
0.000030969250 0.000026373430 0.000000373455
-0.000045576758 -0.000012392528 0.000000734066
-0.000023661790 -0.000022556246 0.000000279082
0.000025191234 -0.000040142382 0.000000273555
0.000001134111 -0.000023821460 0.000000479474
0.000019410444 0.000011452153 0.000000002680
0.000034935953 0.000020085428 0.000000045109
0.000027379590 0.000038443205 0.000000872594
-0.000036306287 0.000004635518 0.000000200185
0.000028175365 0.000010022418 0.000000724246
0.000029040751 0.000033647171 0.000000741071
-0.000012185630 -0.000016269499 0.000000923446
-0.000015732116 -0.000021087100 0.000000262728
-0.000027814113 0.000002221873 0.000000720870
0.000028749463 -0.000033008377 0.000000277193
0.000025025888 -0.000018003590 0.000000541620
0.000002518020 -0.000039139344 0.000000090612
0.000021605894 -0.000010225601 0.000000027979
0.000005723664 -0.000016521787 0.000000733522
-0.000018011130 0.000032323141 0.000000029193
-0.000028601323 -0.000044418741 0.000000102746
-0.000007756490 -0.000022889579 0.000000234845
0.000018277099 -0.000030770584 0.000000537181
0.000020122938 0.000043360525 0.000000830709
0.000039437707 -0.000039313317 0.000000272035
0.000012357007 -0.000039397698 0.000000372790
0.000003355995 -0.000018101491 0.000000960586
-0.000036223593 0.000042319777 0.000000164306
-0.000014854516 0.000047176246 0.000000289785
-0.000040488830 -0.000009852166 0.000000051197
-0.000016762650 -0.000033235244 0.000000816280
-0.000028030880 -0.000047532543 0.000000611214
-0.000029501339 0.000030668483 0.000000078647
0.000031617913 -0.000025020461 0.000000596990
-0.000013004390 -0.000039824768 0.000000491958
-0.000003860680 -0.000006955504 0.000000824093
0.000029555764 0.000022083811 0.000000177839
-0.000002438383 -0.000009551724 0.000000533340
-0.000018661910 -0.000002737045 0.000000793653
0.000008636154 -0.000027135993 0.000000773612
0.000023770089 0.000044170058 0.000000321869
0.000032967011 -0.000002066968 0.000000460053
-0.000014237375 -0.000010558157 0.000000588245
0.000020734397 -0.000029824214 0.000000223797
-0.000047707196 -0.000014452922 0.000000815825
-0.000031722392 0.000009331662 0.000000036663
-0.000008513587 -0.000006837207 0.000000565552
0.000004051775 0.000043036915 0.000000644128
-0.000012760297 0.000012437227 0.000000038710
0.000034672045 -0.000048092045 0.000000039179
-0.000035861735 -0.000017150748 0.000000916221
0.000021559229 0.000019250682 0.000000045725
-0.000040377789 -0.000027312623 0.000000191006
-0.000015366374 -0.000009195427 0.000000138197
-0.000017100776 -0.000018216863 0.000000556028
0.000020328124 -0.000044100994 0.000000893282
0.000039288968 -0.000020958297 0.000000189170
0.000035334057 0.000045352626 0.000000593328
0.000017348708 -0.000027683592 0.000000332569
0.000025037539 0.000039293377 0.000000284628
0.000036535835 0.000027258866 0.000000727771
0.000032062850 0.000041476806 0.000000161903
-0.000038420191 0.000029693284 0.000000900543
-0.000040927527 0.000044310092 0.000000684099
0.000025964072 -0.000002163093 0.000000054361
0.000000236801 -0.000048639702 0.000000534180
-0.000038199591 -0.000008359388 0.000000594168
0.000049979794 -0.000016916757 0.000000538252
-0.000026821762 0.000011787519 0.000000248959
-0.000039081382 -0.000016446431 0.000000218932
-0.000042582334 -0.000045343897 0.000000720965
0.000002195103 -0.000020256802 0.000000866067
0.000048399387 -0.000035433948 0.000000340073
0.000036494347 0.000011242690 0.000000463335
0.000013943628 0.000047440981 0.000000580598
0.000009236399 0.000005891339 0.000000911782
-0.000030509150 0.000038455593 0.000000452131
-0.000001167365 0.000044912497 0.000000035131
-0.000011323800 0.000016078226 0.000000844635
-0.000016375024 0.000017070304 0.000000115348
-0.000012049111 0.000007715506 0.000000778489
-0.000044202023 0.000014147863 0.000000662735
-0.000027049421 0.000046448505 0.000000205518
0.000024878821 0.000045344409 0.000000499740
-0.000010071624 -0.000043740177 0.000000769462
-0.000006708038 0.000000199853 0.000000715886
0.000017673934 -0.000025487825 0.000000881684
-0.000006568385 -0.000045031303 0.000000670225
-0.000021302459 -0.000018383555 0.000000592529
0.000002360965 -0.000045254470 0.000000744091
0.000018788962 0.000032569394 0.000000214740
0.000049928628 -0.000010574727 0.000000653765
-0.000008075230 0.000041343571 0.000000474038
0.000040579843 0.000032255227 0.000000304117
0.000039686437 -0.000048421537 0.000000890847
0.000020258148 -0.000012010826 0.000000506383
-0.000028575220 -0.000005538312 0.000000203412
-0.000000278217 0.000033318754 0.000000621322
0.000001244702 0.000003240013 0.000000119607
0.000023309345 -0.000021480049 0.000000755053
0.000047719131 0.000042375070 0.000000687355
-0.000011671095 -0.000001665491 0.000000909598
-0.000043828243 0.000047852206 0.000000545069
-0.000025064482 0.000044317765 0.000000872763
-0.000045419727 0.000033293676 0.000000701356
-0.000047757625 -0.000019516808 0.000000866559
0.000001221005 -0.000033754259 0.000000170617
0.000041503585 0.000033454354 0.000000344881
0.000025549800 -0.000023317265 0.000000826216
-0.000041464450 -0.000025408821 0.000000873932
0.000025704454 0.000012823413 0.000000133765
-0.000017972098 -0.000038840923 0.000000711040
-0.000034512004 -0.000030254082 0.000000064437
0.000006756201 0.000018488380 0.000000851749
0.000044234051 -0.000016416012 0.000000020460
0.000008824677 0.000039716056 0.000000905500
0.000044778563 -0.000034385798 0.000000676902
-0.000040820291 -0.000038261801 0.000000523394
-0.000012436317 0.000018687983 0.000000991151
-0.000041260351 -0.000007106950 0.000000963637
0.000039735702 -0.000002708353 0.000000532407
-0.000018573331 0.000017816878 0.000000716616
-0.000007810070 -0.000049670659 0.000000057298
0.000004638386 -0.000019852049 0.000000548114
0.000046711737 -0.000011295510 0.000000365657
-0.000032803162 -0.000011668133 0.000000142158
0.000037045481 -0.000033109751 0.000000447989
-0.000029858890 -0.000048224235 0.000000742060
0.000016810205 0.000028700583 0.000000966433
0.000028882577 0.000015536401 0.000000803835
0.000031509169 -0.000019986920 0.000000915754
0.000012991328 0.000037123658 0.000000713067
-0.000047648331 -0.000013700013 0.000000695106
0.000033811238 -0.000048592644 0.000000327096
-0.000036339711 -0.000028526748 0.000000335639
-0.000026600856 -0.000002035018 0.000000915334
-0.000024565680 0.000000794286 0.000000768662
0.000039511799 -0.000040611653 0.000000200451
0.000046610872 -0.000038061615 0.000000191872
0.000006272489 0.000012788740 0.000000483782
-0.000001065917 -0.000042423506 0.000000083998
0.000015932554 -0.000043618216 0.000000490895
-0.000039123593 0.000037254655 0.000000954139
-0.000005005409 -0.000032085347 0.000000310391
-0.000025483619 -0.000036765113 0.000000969501
-0.000025263459 -0.000037323228 0.000000800654
-0.000012159616 -0.000043974635 0.000000809774
0.000001470810 0.000005195995 0.000000188495
0.000004672112 0.000016308457 0.000000938463
0.000012436490 -0.000034299597 0.000000299889
-0.000025886165 0.000034931961 0.000000159813
-0.000002776206 0.000005426024 0.000000171008
0.000013907077 -0.000010721153 0.000000764822
0.000001702049 -0.000012021892 0.000000800810
-0.000041965358 -0.000045288961 0.000000642267
-0.000001117604 -0.000039409875 0.000000576870
0.000027339294 -0.000019793354 0.000000297184
0.000047252614 -0.000012574943 0.000000180899
-0.000020476856 -0.000007101242 0.000000608464
0.000002925656 0.000018461660 0.000000129111
-0.000020619953 0.000021244270 0.000000918996
-0.000021885232 0.000047147111 0.000000423522
0.000010117841 -0.000029152525 0.000000651267
-0.000036606370 -0.000046584114 0.000000074340
-0.000005341446 0.000006232379 0.000000400103
-0.000031400599 0.000015925271 0.000000206253
-0.000013397042 0.000007226340 0.000000550133
0.000034718366 -0.000006777116 0.000000053723
-0.000041784119 0.000037386152 0.000000626175
-0.000006529642 0.000045187543 0.000000360741
-0.000045237711 0.000026794029 0.000000907682
-0.000010277310 0.000028694953 0.000000330697
0.000008777886 -0.000024459136 0.000000255342
-0.000016172775 -0.000024177674 0.000000608792
0.000034614488 -0.000024976493 0.000000739006
-0.000002575883 -0.000039193898 0.000000614375
0.000042800925 -0.000045042688 0.000000322746
-0.000025085990 -0.000027727653 0.000000907930
-0.000012717959 0.000049197773 0.000000095365
-0.000046757394 0.000039882111 0.000000003386
-0.000034202638 -0.000022980335 0.000000245207
-0.000046989269 -0.000032097550 0.000000443936
0.000031895680 -0.000004407810 0.000000255588
-0.000039318210 0.000011874597 0.000000865427
-0.000014532064 0.000044499928 0.000000412905
0.000010990409 -0.000023418648 0.000000910977
0.000023272435 0.000002846993 0.000000704274
-0.000019519650 0.000021161419 0.000000705260
-0.000048208704 0.000041207717 0.000000604301
0.000021795553 -0.000046813679 0.000000245728
0.000019886314 -0.000042681502 0.000000066322
0.000015054576 0.000047130676 0.000000465467
-0.000039414353 0.000033955020 0.000000959242
0.000004876790 0.000012161313 0.000000624583
-0.000006782768 0.000031635857 0.000000990563
0.000024933773 -0.000008865733 0.000000288138
-0.000026149005 -0.000020603384 0.000000514379
-0.000002077602 -0.000042523857 0.000000534890
0.000011700412 -0.000045258828 0.000000443650
0.000040087787 -0.000048577685 0.000000744102
0.000039385036 0.000032647643 0.000000548432
-0.000015318000 -0.000031009976 0.000000235293
-0.000002925823 -0.000012514234 0.000000948155
0.000042824778 -0.000022151888 0.000000207094
-0.000028242897 0.000045022381 0.000000632008
0.000000447800 0.000007492025 0.000000679377
-0.000014264738 -0.000005034158 0.000000060347
-0.000033739278 0.000010688963 0.000000762630
-0.000022143824 -0.000036576952 0.000000834225
-0.000010111588 -0.000016662916 0.000000009579
0.000021186383 0.000004321168 0.000000378847
-0.000042787169 -0.000006656021 0.000000073475
-0.000007162961 0.000020445712 0.000000067687
0.000000861467 -0.000032970813 0.000000032474
0.000002792085 -0.000014975095 0.000000538306
-0.000036207089 -0.000015759031 0.000000389922
-0.000007636464 -0.000011367506 0.000000726338
-0.000018003356 0.000023177148 0.000000050531
0.000010864244 -0.000040165043 0.000000728232
0.000048269872 -0.000001703565 0.000000104408
-0.000029716729 -0.000027157157 0.000000511787
0.000036637492 0.000029684954 0.000000775989
-0.000045471714 -0.000010099892 0.000000375810
0.000012833754 0.000048435734 0.000000102003
-0.000035689538 -0.000022208558 0.000000866556
0.000021883260 -0.000014422221 0.000000077536
-0.000046598196 0.000039080404 0.000000507721
-0.000021749699 -0.000041599285 0.000000190984
-0.000046775964 -0.000040087516 0.000000995555
0.000023726208 0.000004952396 0.000000596925
-0.000002095565 0.000044517300 0.000000299845
-0.000031467120 -0.000003048916 0.000000016405
0.000044559580 0.000030003837 0.000000336589
-0.000025322672 0.000004435532 0.000000560117
-0.000045732046 0.000042960634 0.000000443808
-0.000039055172 0.000024679873 0.000000081109
-0.000038511615 0.000018241138 0.000000651225
0.000009703686 -0.000028224218 0.000000769265
0.000040714187 0.000032763832 0.000000880284
-0.000047262969 -0.000006655428 0.000000700316
-0.000048999334 0.000030039060 0.000000089926
0.000005562523 -0.000046406934 0.000000201517
0.000001626472 -0.000025406742 0.000000582948
-0.000011748933 -0.000041555920 0.000000131892
-0.000030023461 0.000022222826 0.000000554732
0.000015301905 0.000030166771 0.000000709372
-0.000025592585 -0.000014408550 0.000000979460
-0.000019663644 0.000017130481 0.000000555332
-0.000015745282 0.000029280389 0.000000481631
0.000002698797 0.000024254524 0.000000819545
0.000016037186 0.000049998211 0.000000441762
-0.000013540247 -0.000028337638 0.000000223524
-0.000028880558 0.000028871163 0.000000657769
-0.000019256129 -0.000016325124 0.000000131360
-0.000001531209 0.000034449541 0.000000289536
0.000013780508 0.000031082417 0.000000148967
-0.000007619188 0.000044511648 0.000000736722
0.000022669448 -0.000011125752 0.000000708224
0.000002521926 -0.000042229825 0.000000482936
-0.000020733609 -0.000024183826 0.000000212358
-0.000035242714 0.000005852751 0.000000605390
0.000002744680 0.000032152397 0.000000879169
0.000037905764 0.000025491950 0.000000865275
0.000021486268 -0.000049253371 0.000000882003
0.000023171931 -0.000003016996 0.000000706739
0.000021716537 -0.000016525308 0.000000685452
-0.000032539311 -0.000026629900 0.000000562383
0.000018390619 -0.000009079513 0.000000374331
0.000021767212 -0.000027784744 0.000000999419
-0.000017746847 -0.000043232434 0.000000858130
0.000022199297 -0.000008657587 0.000000968228
-0.000022348333 0.000049317403 0.000000089251
-0.000003120731 -0.000046784181 0.000000415267
0.000025067153 0.000047198435 0.000000154805
0.000024106310 0.000029411012 0.000000817371
-0.000018963059 -0.000034393867 0.000000818820
-0.000046520579 -0.000020288456 0.000000426500
0.000043813982 0.000023634276 0.000000224391
-0.000023443422 -0.000034734649 0.000000817567
-0.000031307349 0.000015339958 0.000000982640
-0.000034905539 -0.000016842819 0.000000071027
0.000032663670 -0.000001539749 0.000000705654
-0.000023951446 0.000004574565 0.000000959650
-0.000015457260 -0.000041272165 0.000000742565
-0.000004016754 0.000038874345 0.000000497426
0.000014462476 0.000022140081 0.000000780644
0.000027295398 0.000008409073 0.000000040533
0.000012108139 -0.000027307913 0.000000619312
0.000022373642 -0.000007225097 0.000000342139
-0.000021969451 -0.000003570409 0.000000016899
0.000032548778 0.000048981864 0.000000737870
-0.000018668034 0.000018647678 0.000000800461
0.000004276693 0.000015676137 0.000000839744
0.000012545175 -0.000022744513 0.000000225173
0.000049775741 -0.000008412070 0.000000886846
0.000041842729 0.000017464925 0.000000549155
-0.000015385792 0.000002960838 0.000000799371
0.000032130840 0.000046113047 0.000000246408
-0.000005468801 -0.000046493073 0.000000777864
-0.000008790656 -0.000039478629 0.000000904603
-0.000025729134 0.000013289571 0.000000698878
-0.000013332565 -0.000005970436 0.000000884202
-0.000039617998 -0.000009713197 0.000000348824
-0.000018978169 0.000043830585 0.000000344216
0.000046006267 0.000015211897 0.000000523124
0.000032085644 0.000011413537 0.000000586495
0.000022228786 0.000031297179 0.000000529556
-0.000022000094 0.000029775660 0.000000343119
0.000002955589 -0.000015835971 0.000000542977
0.000044425459 0.000001278200 0.000000197429
0.000007977665 0.000046307376 0.000000569672
-0.000046347534 0.000024292330 0.000000045577
-0.000045478681 0.000000244816 0.000000957670
0.000011098911 0.000003872076 0.000000143224
0.000024937820 0.000018308536 0.000000011730
-0.000020214698 0.000015096650 0.000000471579
0.000004381312 -0.000021013923 0.000000120234
-0.000013612701 0.000008500039 0.000000764854
-0.000015613143 -0.000037406935 0.000000691027
-0.000013885692 0.000037048399 0.000000250544
-0.000007648923 0.000032951406 0.000000227290
-0.000009358636 -0.000021198528 0.000000977110
-0.000027636239 -0.000015802786 0.000000963277
-0.000027179260 0.000043931778 0.000000760099
-0.000037965534 -0.000033572253 0.000000258446
0.000007234118 -0.000033506266 0.000000086774
-0.000003911778 0.000038752186 0.000000288446
0.000007100893 0.000018022043 0.000000983324
0.000005489765 -0.000044967434 0.000000630716
-0.000023282363 0.000025349627 0.000000347891
-0.000007249695 -0.000029569429 0.000000300342
0.000018973395 -0.000039028526 0.000000022492
-0.000005320852 0.000049507670 0.000000615783
-0.000030677994 0.000020323361 0.000000519267
0.000038343156 -0.000034102201 0.000000797063
0.000029204084 0.000017675552 0.000000640720
-0.000007618413 -0.000022116609 0.000000863877
0.000028811241 0.000030275678 0.000000256740
-0.000009968705 -0.000038502908 0.000000056786
0.000023653062 -0.000040719754 0.000000590121
-0.000002122566 -0.000025825764 0.000000660340
-0.000027818921 0.000040434048 0.000000106093
-0.000020595564 0.000001991566 0.000000937609
0.000042470309 0.000012142707 0.000000967619
0.000027650399 -0.000020390626 0.000000864788
-0.000004637002 -0.000000678511 0.000000324409
0.000011776183 -0.000034877567 0.000000412464
-0.000026765331 -0.000000717744 0.000000733674
-0.000003797921 0.000001238199 0.000000319251
0.000047969665 0.000002226142 0.000000833488
-0.000004847894 -0.000007127042 0.000000337249
0.000045665533 -0.000035248669 0.000000196070
-0.000033388596 -0.000011600026 0.000000467252
-0.000048411111 0.000010699309 0.000000027198
0.000031628967 -0.000027359619 0.000000161669
0.000030917837 -0.000043746764 0.000000195337
0.000026575485 0.000022838989 0.000000762677
0.000035890988 -0.000007384334 0.000000726362
-0.000035352362 0.000006661283 0.000000052215
-0.000002357752 0.000013774798 0.000000212977
0.000001456119 -0.000036828364 0.000000284833
0.000003394478 0.000008288369 0.000000997229
0.000027056000 -0.000031268495 0.000000667309
-0.000023746482 0.000012139766 0.000000131349
0.000022426688 0.000014864911 0.000000864150
0.000024162484 -0.000047978934 0.000000715219
-0.000034568700 0.000041729115 0.000000661436
-0.000045000875 0.000042425092 0.000000691517
0.000030212632 0.000046842736 0.000000664440
-0.000028332259 0.000042345317 0.000000196266
0.000006176322 0.000025775522 0.000000002853
-0.000030794240 -0.000019058010 0.000000238544
-0.000029039512 0.000023050750 0.000000111736
0.000028519815 0.000004296530 0.000000618025
0.000003594394 -0.000004490510 0.000000280715
-0.000019095857 0.000008276376 0.000000811238
0.000033019810 0.000000348629 0.000000810683
0.000041376250 -0.000044383818 0.000000054374
-0.000011767670 0.000019865298 0.000000678513
-0.000048147484 0.000020789868 0.000000021858
-0.000001981854 0.000038919706 0.000000845266
0.000039151158 -0.000032191436 0.000000932937
0.000042633054 0.000023447604 0.000000131238
-0.000034868817 0.000030000891 0.000000349138
-0.000049237982 0.000040724054 0.000000364512
0.000028288439 -0.000025340614 0.000000200457
-0.000027913897 0.000016694073 0.000000993812
0.000026244472 0.000045613509 0.000000390567
-0.000049540208 -0.000043359692 0.000000501707
-0.000000635480 0.000033352068 0.000000725798
0.000008817513 -0.000027255792 0.000000803574
0.000037697147 0.000046094360 0.000000285028
-0.000037350797 0.000023198945 0.000000107147
0.000014618278 0.000049595657 0.000000182372
-0.000032018080 -0.000043167412 0.000000799367
-0.000005392568 0.000003591662 0.000000376919
-0.000014064605 0.000012287507 0.000000568980
0.000027374150 0.000038115352 0.000000150828
-0.000012546774 0.000031004658 0.000000481086
-0.000014431172 -0.000028126198 0.000000059699
0.000010400037 -0.000022353221 0.000000104809
0.000018539857 0.000025821221 0.000000685431
-0.000044758844 -0.000005707641 0.000000203554
0.000004135186 -0.000015714184 0.000000030642
-0.000027798258 -0.000036226287 0.000000745296
-0.000026809374 0.000011736418 0.000000879793
0.000003783704 -0.000045892408 0.000000788607
0.000041813056 -0.000001584132 0.000000551541
0.000015827877 0.000025763369 0.000000504063
0.000007565184 -0.000038154262 0.000000334059
-0.000034697821 0.000031181410 0.000000124131
-0.000035267242 0.000046273331 0.000000476270
0.000006371546 0.000037288858 0.000000610796
-0.000006987328 0.000023659049 0.000000139184
-0.000027131814 0.000038596392 0.000000900072
-0.000033675382 0.000035432706 0.000000500378
0.000002218476 0.000045930620 0.000000962522
0.000044127497 -0.000027705703 0.000000202239
-0.000026370987 -0.000034327300 0.000000581925
0.000020997134 -0.000023450136 0.000000745599
-0.000008250894 -0.000009742637 0.000000577111
-0.000009310915 0.000041101273 0.000000486988
-0.000015135993 -0.000039123377 0.000000507529
0.000030381091 0.000037598630 0.000000104851
0.000009418494 0.000006303114 0.000000361295
0.000049970541 0.000007812513 0.000000415064
0.000003596286 -0.000009985300 0.000000011678
0.000017803646 -0.000006679244 0.000000585815
-0.000005036255 0.000029808812 0.000000199510
-0.000031224324 -0.000038026323 0.000000938101
-0.000020807011 0.000002453228 0.000000366502
0.000023738052 -0.000007234421 0.000000316037
0.000024940707 0.000040599227 0.000000159657
-0.000041194633 -0.000001136094 0.000000026933
0.000022182197 0.000009207679 0.000000965648
0.000040343212 -0.000032137022 0.000000472143
-0.000036654346 -0.000008880283 0.000000574100
0.000024346039 0.000016996392 0.000000801314
-0.000014334087 0.000033737954 0.000000869300
-0.000041557620 0.000031037875 0.000000022931
0.000047087204 -0.000020560749 0.000000547504
0.000046870712 -0.000033386566 0.000000130831
-0.000032978008 -0.000023905532 0.000000374641
0.000022496933 0.000018141867 0.000000097438
0.000023879611 -0.000031714420 0.000000293083
-0.000034356485 0.000009573374 0.000000456515
-0.000029957406 0.000000388197 0.000000532586
-0.000022307605 0.000001219041 0.000000805847
-0.000046947102 0.000025116465 0.000000996282
0.000036278890 -0.000026393143 0.000000831710
-0.000006916665 0.000041652283 0.000000421867
0.000038475246 -0.000000335272 0.000000127265
-0.000009364462 0.000026986012 0.000000158149
0.000049867510 -0.000033887391 0.000000974728
0.000040068885 -0.000038274641 0.000000242625
-0.000008325059 0.000020844743 0.000000136314
-0.000049351530 0.000015751512 0.000000349664
-0.000043418261 0.000024722849 0.000000095683
0.000005570869 0.000044136264 0.000000715218
0.000036120936 0.000042138733 0.000000967671
-0.000044861055 0.000009609202 0.000000985337
0.000027606146 -0.000010853587 0.000000592195
0.000011775753 0.000011321735 0.000000910191
0.000043730499 -0.000027210443 0.000000735329
-0.000011224519 -0.000000091855 0.000000473770
-0.000038923295 -0.000002338542 0.000000947277
0.000029948063 -0.000047747668 0.000000544460
-0.000045964781 -0.000042223906 0.000000084756
0.000031146536 0.000012735248 0.000000897795
-0.000035464514 -0.000020261385 0.000000778683
-0.000046398023 0.000016866606 0.000000607357
-0.000042160221 0.000023668315 0.000000230218
-0.000014666375 0.000014055930 0.000000856177
0.000017056964 0.000037941422 0.000000135181
0.000030921646 -0.000010941462 0.000000349934
-0.000017985718 -0.000032122223 0.000000129807
-0.000028118106 -0.000049488181 0.000000327612
0.000026429959 -0.000010263690 0.000000306827
-0.000042285271 -0.000034953827 0.000000385815
-0.000039776303 -0.000025047638 0.000000893213
-0.000024875579 -0.000022682997 0.000000651610
0.000021239993 -0.000024642960 0.000000664298
0.000013766517 -0.000040039948 0.000000647018
0.000014522730 0.000008342779 0.000000415320
0.000031897430 0.000030682417 0.000000058453
-0.000024863557 0.000034330169 0.000000982295
0.000009197238 -0.000021177838 0.000000549732
0.000003544372 0.000037112924 0.000000407790
0.000035862133 0.000034934621 0.000000241837
0.000038381965 0.000023916297 0.000000021154
0.000026948061 0.000015454178 0.000000445504
0.000007569685 0.000037981787 0.000000878962
0.000000049423 0.000033270665 0.000000415235
0.000023294961 0.000032231829 0.000000473516
0.000017086157 -0.000018436862 0.000000286796
0.000010261812 -0.000021813439 0.000000060258
-0.000013360165 0.000031141392 0.000000575376
-0.000014145505 0.000029516757 0.000000133467
0.000013709039 -0.000016364440 0.000000097125
0.000020638958 0.000034269485 0.000000507972
0.000034977010 0.000008562491 0.000000972853
0.000024345755 -0.000001876288 0.000000385749
0.000021109534 0.000030537578 0.000000159007
0.000047305286 0.000033688019 0.000000028886
-0.000013114922 0.000034721361 0.000000582831
-0.000013237614 -0.000039956231 0.000000997385
-0.000017752597 0.000043917152 0.000000354197
-0.000041897336 0.000001509422 0.000000085232
0.000021161151 0.000037942613 0.000000488529
-0.000034149753 -0.000025544681 0.000000358314
-0.000003182551 0.000003516293 0.000000255836
0.000029875601 -0.000039614080 0.000000800274
0.000038527006 0.000013025572 0.000000972334
-0.000036398043 -0.000027509428 0.000000109854
-0.000025982181 0.000012567818 0.000000890707
0.000024602726 0.000009284767 0.000000866924
0.000012325904 -0.000022856358 0.000000360595
-0.000040756297 0.000014086683 0.000000435260
-0.000007666321 -0.000008755415 0.000000318720
0.000033259809 0.000012798415 0.000000452190
-0.000007700779 0.000025041880 0.000000543010
0.000037771887 -0.000043941001 0.000000220592
-0.000036570106 -0.000045749172 0.000000879913
0.000007080340 -0.000040057553 0.000000531238
0.000002553598 0.000043659223 0.000000214125
0.000024755367 -0.000046159978 0.000000690255
0.000008938727 0.000004190251 0.000000530240
0.000000102945 -0.000023504427 0.000000069587
-0.000024659019 -0.000018429779 0.000000576291
-0.000003731660 -0.000000557440 0.000000100761
0.000001664352 0.000014680343 0.000000022204
0.000044007902 0.000035717902 0.000000529648
-0.000047642372 -0.000016763742 0.000000341395
0.000049887673 0.000011766602 0.000000506890
0.000012339610 -0.000024095974 0.000000009442
0.000000364009 0.000032728300 0.000000428098
-0.000020087029 -0.000022534126 0.000000413361
-0.000039863601 0.000038046415 0.000000625131
0.000003440082 -0.000013538718 0.000000539817
-0.000025042116 -0.000035938920 0.000000855364
-0.000049591318 0.000032705613 0.000000622746
0.000018765990 -0.000000969986 0.000000345252
0.000001899443 0.000011644542 0.000000147663
0.000023109554 -0.000044771280 0.000000043118
-0.000003417028 -0.000019745181 0.000000391491
-0.000017831163 0.000018361863 0.000000862803
-0.000032767104 -0.000032630757 0.000000360679
0.000010191140 -0.000041939044 0.000000993565
0.000007950084 -0.000006636572 0.000000164118
-0.000024583370 0.000012760768 0.000000713353
0.000040327144 -0.000011078943 0.000000191093
0.000002743230 -0.000041829192 0.000000441073
-0.000006806944 0.000010264217 0.000000145373
0.000024339726 -0.000023369693 0.000000402585
0.000008419806 0.000021344340 0.000000377262
0.000034415497 0.000019957126 0.000000431036
0.000011824524 0.000009310887 0.000000927742
-0.000007911792 0.000041233902 0.000000583898
-0.000021906272 -0.000007785399 0.000000080355
0.000031086235 0.000014027731 0.000000069501
0.000048246392 -0.000015143961 0.000000900637
0.000048476771 0.000021324968 0.000000463448
-0.000025239161 0.000004348891 0.000000525294
-0.000020725609 0.000029635398 0.000000347408
-0.000019654733 0.000035140189 0.000000616333
-0.000007865975 0.000041297580 0.000000941906
-0.000007509659 0.000011663985 0.000000279517
-0.000010736682 0.000040741590 0.000000797232
-0.000025456022 -0.000031475408 0.000000678420
-0.000012557049 0.000027068076 0.000000335481
-0.000016932894 0.000014449869 0.000000187828
0.000044940092 -0.000004255687 0.000000330719
0.000003284480 -0.000022637263 0.000000008433
0.000045817587 -0.000042383663 0.000000895850
-0.000006996040 0.000002566300 0.000000201551
-0.000012587083 0.000032441674 0.000000341169
0.000027473721 0.000023736854 0.000000444185
-0.000024008476 0.000024070695 0.000000971040
0.000016935233 0.000042113844 0.000000093762
0.000004399913 -0.000042822056 0.000000828427
0.000007773829 -0.000005452311 0.000000340449
-0.000002047042 -0.000041586805 0.000000012344
0.000027398812 -0.000038769426 0.000000988023
-0.000011468542 -0.000042021098 0.000000758336
0.000016427906 -0.000006284967 0.000000750299
0.000000195608 -0.000018792757 0.000000669516
0.000026181798 0.000004248726 0.000000004925
-0.000007054125 -0.000044694349 0.000000922551
-0.000024226711 -0.000046694560 0.000000045908
-0.000015606401 -0.000038072393 0.000000266567
0.000021011549 -0.000013087573 0.000000421276
-0.000014484791 -0.000038429264 0.000000287048
-0.000021993260 0.000027540368 0.000000866604
0.000011274495 0.000011611775 0.000000742392
0.000002515624 -0.000011419441 0.000000332330
-0.000006801915 -0.000031892486 0.000000225686
0.000017670290 -0.000006722740 0.000000268789
-0.000013158637 0.000015480791 0.000000251507
-0.000043062996 0.000018335896 0.000000388994
0.000021422409 -0.000000481444 0.000000589253
0.000014213313 0.000005207835 0.000000320098
-0.000032594786 -0.000036661645 0.000000458415
0.000021850690 -0.000034375165 0.000000382035
-0.000044485841 0.000013514198 0.000000761931
0.000025002514 0.000009286664 0.000000047760
0.000023130743 0.000028404492 0.000000731060
0.000038479727 -0.000036389739 0.000000232824
-0.000002090014 -0.000039326178 0.000000620115
-0.000017564048 -0.000029359197 0.000000139944
0.000017994646 -0.000009240872 0.000000690687
0.000018504180 0.000042155615 0.000000980956
0.000047041434 0.000006308829 0.000000036907
-0.000035827281 0.000039088267 0.000000063375
-0.000007360302 -0.000003144318 0.000000490042
0.000013244308 0.000027124196 0.000000207151
0.000032221758 0.000039869098 0.000000366824
-0.000005827366 -0.000017865941 0.000000045776
-0.000001051605 -0.000041012840 0.000000240619
0.000020757142 0.000039936962 0.000000498383
-0.000000493101 0.000014880431 0.000000575235
-0.000026520471 -0.000002222548 0.000000867862
0.000036616368 -0.000003044070 0.000000122810
-0.000015721957 -0.000010381698 0.000000363551
0.000009738343 -0.000035143973 0.000000998376
0.000013711308 0.000023618655 0.000000176744
0.000006276676 0.000036661470 0.000000483010
0.000023460283 -0.000015629999 0.000000178051
-0.000004457079 0.000023271668 0.000000098739
-0.000004362610 0.000013485486 0.000000141721
0.000041073296 0.000012260348 0.000000290472
0.000012600961 0.000042379500 0.000000073548
0.000026116844 0.000040492102 0.000000992711
-0.000014827721 -0.000010317769 0.000000801507
0.000029605641 0.000009826510 0.000000476505
0.000032811650 0.000046626823 0.000000074810
-0.000039557050 0.000026056217 0.000000088035
-0.000035920700 -0.000000720186 0.000000729925
-0.000023219627 -0.000024748889 0.000000038521
0.000024609697 0.000011675848 0.000000499975
-0.000013601143 -0.000007141480 0.000000545458
0.000044083804 0.000031168824 0.000000843450
0.000049804255 0.000044077874 0.000000612255
0.000028986704 -0.000033848338 0.000000380811
-0.000018578591 -0.000034565065 0.000000663826
-0.000022100977 0.000023909412 0.000000733365
0.000002945952 -0.000028916526 0.000000630791
-0.000020210996 0.000027514397 0.000000450686
0.000001560468 -0.000009133571 0.000000469187
-0.000032542628 -0.000019054933 0.000000782061
-0.000046836827 -0.000004941739 0.000000923340
-0.000042727327 -0.000013758204 0.000000345470
0.000021109029 -0.000032155019 0.000000556671
-0.000010399170 0.000011409278 0.000000334319
0.000003704326 0.000013017655 0.000000609578
0.000021880409 -0.000044686579 0.000000459598
-0.000026408027 -0.000006714631 0.000000856581
-0.000008104569 -0.000006418601 0.000000341549
0.000020141930 -0.000039661670 0.000000388584
-0.000004250787 -0.000032870526 0.000000212802
0.000041991560 -0.000021804102 0.000000498261
-0.000002413799 0.000047965097 0.000000476830
-0.000030931878 -0.000003173109 0.000000109566
0.000028604037 -0.000047394957 0.000000835726
-0.000025003588 -0.000011792795 0.000000231640
-0.000026565141 0.000014871149 0.000000943731
0.000045468438 0.000009879202 0.000000067645
0.000048839357 0.000048673145 0.000000163194
0.000009698667 -0.000040532395 0.000000232000
-0.000031180456 -0.000021457829 0.000000226436
0.000017517303 0.000005375016 0.000000194519
0.000022820980 -0.000002097904 0.000000221004
-0.000006207571 0.000040039738 0.000000202291
0.000027610404 0.000032386401 0.000000802067
-0.000012028909 0.000028842794 0.000000431371
0.000023408698 -0.000019697558 0.000000884456
0.000044538095 0.000012983447 0.000000946093
0.000014988648 -0.000035628138 0.000000712058
-0.000044007920 0.000040171269 0.000000816483
-0.000003372091 0.000009222002 0.000000179755
-0.000020273849 0.000005794135 0.000000800694
0.000002861713 -0.000030557814 0.000000090340
-0.000012896311 -0.000020338057 0.000000047325
-0.000031995498 0.000022327436 0.000000449971
-0.000002578908 0.000002321463 0.000000601813
-0.000007125089 -0.000022793134 0.000000500546
-0.000013930311 0.000011003535 0.000000272170
0.000010357686 -0.000040433334 0.000000385629
-0.000048564353 0.000049172333 0.000000355575
-0.000005032855 -0.000003708045 0.000000001881
0.000045211558 0.000027932332 0.000000567581
-0.000028050610 -0.000032802355 0.000000584580
-0.000037052409 0.000048912370 0.000000111861
0.000039130061 0.000028071769 0.000000243105
-0.000044093582 0.000013806153 0.000000884842
-0.000018766144 -0.000032640485 0.000000702707
0.000001324778 0.000032255777 0.000000611761
0.000027137779 -0.000015329547 0.000000726522
0.000028896467 0.000039672469 0.000000049278
-0.000037939448 0.000045313846 0.000000940606
0.000008686719 -0.000039615716 0.000000547755
-0.000046208702 0.000006452776 0.000000645482
0.000010703382 0.000028018228 0.000000073479
0.000014614234 0.000029678877 0.000000206521
-0.000024395018 0.000011382861 0.000000466455
-0.000046229316 -0.000021226670 0.000000799974
-0.000031706299 0.000043726116 0.000000085914
0.000038495175 0.000009705591 0.000000820934
0.000011558092 0.000028111492 0.000000490020
0.000031329477 0.000000228314 0.000000713684
0.000019435715 -0.000031207546 0.000000861541
-0.000000788665 0.000017047843 0.000000498621
0.000004030046 0.000016868024 0.000000448414
-0.000032900756 0.000010641754 0.000000978289
0.000046530546 0.000033367313 0.000000000274
0.000016465364 0.000013945389 0.000000577733
-0.000049540435 0.000035981660 0.000000105699
0.000001956192 0.000023316633 0.000000086391
0.000034211158 0.000021182623 0.000000377429
-0.000005552671 0.000049447864 0.000000390739
-0.000029284397 0.000033881188 0.000000053613
0.000018675861 -0.000006400361 0.000000846438
-0.000048222787 0.000038458751 0.000000661627
-0.000022320056 -0.000001092767 0.000000423464
0.000027301969 -0.000008228963 0.000000780471
0.000042867160 -0.000024709286 0.000000899265
0.000002411437 0.000028546058 0.000000352504
-0.000001454501 -0.000039062353 0.000000457935
-0.000038268382 -0.000031726771 0.000000349172
-0.000043599951 0.000017811287 0.000000892152
-0.000014248826 -0.000022721068 0.000000727021
-0.000044616738 0.000024610178 0.000000868690
0.000035546495 -0.000037187870 0.000000013185
-0.000028032508 0.000041713268 0.000000328798
-0.000033065855 0.000033567279 0.000000856398
0.000048267067 -0.000032975998 0.000000488733
0.000036951006 -0.000043855623 0.000000201078
0.000016544195 0.000025229673 0.000000356513
-0.000042899770 -0.000003321125 0.000000506267
0.000045874219 0.000000465418 0.000000315721
-0.000001003847 0.000003328784 0.000000472890
-0.000022142477 0.000003770698 0.000000791940
-0.000027370346 -0.000003967141 0.000000517355
0.000028738979 -0.000039935918 0.000000686153
0.000007418238 0.000031915629 0.000000858221
0.000033781566 0.000015482988 0.000000172635
-0.000044186627 -0.000023085125 0.000000780252
-0.000000854851 -0.000048194483 0.000000115642
0.000002712499 -0.000005765978 0.000000798242
0.000040598433 0.000039586660 0.000000995129
-0.000011222250 -0.000005874513 0.000000352608
0.000009442349 0.000043179513 0.000000954230
-0.000014130451 0.000024877642 0.000000687704
0.000035569547 -0.000042495579 0.000000053111
0.000012328565 0.000010866840 0.000000082802
0.000035347162 -0.000007995480 0.000000020488
0.000029583706 0.000002818451 0.000000151810
0.000030571573 0.000000339155 0.000000934811
0.000002635960 0.000046595024 0.000000519488
-0.000025712168 -0.000004733558 0.000000821396
-0.000008927362 -0.000024000419 0.000000580973
0.000017250819 0.000021933292 0.000000456488
0.000022521682 0.000009498323 0.000000837550
-0.000043988757 -0.000001093397 0.000000580389
0.000029708709 0.000006672233 0.000000530043
0.000046619005 0.000013787314 0.000000591569
0.000008259276 -0.000046852054 0.000000855775
-0.000003808337 0.000033659370 0.000000166282
0.000045138061 -0.000019825508 0.000000784800
0.000007252426 0.000024236169 0.000000982751
0.000027415515 -0.000049296159 0.000000103818
0.000037370951 0.000033410862 0.000000206455
-0.000020506170 -0.000017819343 0.000000830588
-0.000031679253 0.000014895769 0.000000373142
0.000024873667 -0.000026559190 0.000000966820
-0.000028990485 0.000048316923 0.000000448991
0.000002094525 -0.000036249204 0.000000521403
0.000037555805 -0.000014985056 0.000000524988
0.000005159654 -0.000007552624 0.000000228380
0.000003322690 0.000016755731 0.000000265812
0.000040956297 -0.000039574425 0.000000612051
-0.000044743041 0.000041301076 0.000000577489
-0.000039874675 0.000042398663 0.000000452917
0.000023915885 -0.000041701762 0.000000994383
-0.000008647312 -0.000035166460 0.000000362782
0.000044588356 -0.000007667577 0.000000581293
-0.000038523923 0.000044611847 0.000000286769
-0.000026385010 0.000038125444 0.000000432832
-0.000021026765 -0.000014877052 0.000000163856
-0.000037554751 0.000017267638 0.000000265868
0.000049698751 -0.000035840679 0.000000789927
-0.000041342600 0.000034766676 0.000000514674
0.000018271810 -0.000003006742 0.000000572167
-0.000028940436 0.000031286083 0.000000897352
-0.000020821593 0.000020539883 0.000000858939
0.000034245975 -0.000049973617 0.000000274232
-0.000040706898 -0.000028273426 0.000000788102
0.000021115604 0.000046513669 0.000000840827
-0.000029041001 0.000042171266 0.000000011709
-0.000009978752 0.000029339570 0.000000302650
-0.000022549892 -0.000039861639 0.000000533256
0.000016452470 0.000028738315 0.000000681541
-0.000015971956 0.000023921699 0.000000565497
-0.000032558062 -0.000009839823 0.000000044337
-0.000006307417 -0.000014119702 0.000000356841
0.000010944949 -0.000045876108 0.000000135069
0.000048289453 0.000016120361 0.000000431321
-0.000009955724 0.000046554970 0.000000940453
-0.000000371581 0.000025743253 0.000000753823
0.000016936565 -0.000022503578 0.000000138550
-0.000012042592 0.000008271649 0.000000314660
0.000027339653 -0.000011381107 0.000000054814
-0.000001487021 0.000022697132 0.000000514055
-0.000014941900 0.000006835803 0.000000078497
-0.000046408883 0.000046833364 0.000000765244
0.000046156425 -0.000043446062 0.000000479010
-0.000047430392 -0.000022685297 0.000000742211
-0.000043128923 0.000016751724 0.000000144978
0.000007087340 0.000003481499 0.000000607006
0.000027792347 -0.000006791327 0.000000070980
0.000033573732 0.000024334618 0.000000302338
-0.000025039911 0.000016916486 0.000000238027
0.000036106135 0.000023753409 0.000000336365
0.000020531852 0.000025455883 0.000000463149
0.000015753318 -0.000023881755 0.000000475986
-0.000012569930 0.000034823152 0.000000782977
-0.000025227494 -0.000030348218 0.000000919417
-0.000015959020 -0.000004462302 0.000000824432
-0.000018152417 0.000000513176 0.000000957733
-0.000025113537 0.000021462456 0.000000572802
-0.000039588462 0.000011562400 0.000000187335
-0.000031084453 0.000028959033 0.000000771240
-0.000033603217 -0.000049613244 0.000000353121
0.000027324690 -0.000004689285 0.000000179037
0.000028866798 -0.000043671339 0.000000116569
0.000006391476 -0.000017622970 0.000000449107
0.000011044393 0.000019004174 0.000000536348
-0.000027364545 -0.000020585828 0.000000834527
0.000004853066 0.000013471246 0.000000477010
0.000039532399 0.000026535497 0.000000658169
-0.000015214168 0.000042747409 0.000000686892
0.000026352868 0.000014655195 0.000000411908
-0.000027906677 0.000010584786 0.000000914365
-0.000048527682 -0.000034964557 0.000000742193
0.000049572199 0.000012122346 0.000000562148
0.000042291276 0.000032359090 0.000000807359
-0.000006168031 0.000037192830 0.000000741983
0.000004735306 -0.000006383626 0.000000227458
-0.000033356418 -0.000005214492 0.000000475939
0.000031925635 0.000005456494 0.000000029630
-0.000025735895 -0.000002599685 0.000000505465
-0.000017831403 -0.000011653037 0.000000614333
-0.000035695546 0.000036491834 0.000000896953
0.000002488493 -0.000026665954 0.000000834055
-0.000011013409 -0.000023467346 0.000000422636
0.000045698797 0.000044982905 0.000000974227
-0.000027056687 -0.000026681176 0.000000710259
-0.000043372002 0.000027777106 0.000000431347
0.000024793325 0.000038622017 0.000000407182
0.000012892777 -0.000012168902 0.000000396100
-0.000036015305 0.000048763937 0.000000058955
-0.000018718374 -0.000001833568 0.000000147839
