10453452.763308
10688485.906639
10982435.034716
10415017.570840
10984758.337542
10646583.225894
10590099.936642
10507138.173760
10400096.372672
10899938.425363
10704890.954526
10553095.646556
10674380.929193
10450033.785724
10774627.441756
10625980.149117
10502429.232804
10627769.975843
10474179.977534
10539888.677366
10474876.954725
10441858.046955
10527903.559805
10119862.024083
10281070.260843
10355830.707239
10540211.642355
10310335.527621
10444822.030375
10678585.120667
10371061.262939
10540922.288387
10519334.840700
10273852.691983
10362610.476501
10533221.191865
10619079.692349
10651499.493574
10161808.233227
10243235.918233
10611279.020119
10713625.657942
10388636.451898
10578886.297080
10303267.065239
10457751.424914
10661111.650868
10531485.379502
10799265.210935
10561828.337945
10469015.153309
10593551.947401
10415527.021867
10445642.022327
10421641.109920
10712034.782543
10631101.792693
10678088.761179
10466827.762469
10635513.130141
10505014.926934
10258168.017727
10790172.137913
10354915.722793
10398385.700153
10798506.217467
10474660.529431
10628558.151091
10442067.293112
10373932.268017
10672953.439568
10449985.125968
10617121.181059
10818651.758545
10434437.671606
10638217.998808
10648952.015701
10682004.458972
10365585.048981
10430006.463330
10578659.100544
10790084.070550
10467574.340458
10464769.176338
10161754.591938
10764230.355853
10326975.088735
10474612.288477
10383965.191551
10501942.466371
10550793.754602
10415892.955046
10644542.859319
10457195.148772
10575380.011087
10666445.232968
10542629.050016
10526888.572646
10427848.122906
10622393.339443
10494434.075677
10244172.579208
10583541.180647
10617021.043561
10312040.747265
10495734.816208
10519689.291371
10647629.766737
10343628.888545
10537633.106421
10654755.332615
10610844.882830
10049327.611778
10441550.266808
10514657.696888
10742869.077651
10228750.848345
10339770.427073
10211835.656504
10749261.041680
10486747.604123
10773289.982038
10687369.848810
10293345.959365
10392355.695021
10311503.533237
10367927.053705
10415291.115941
10357071.445510
10507355.404470
10454828.589679
10411398.274279
10748214.679707
10306662.662529
10694875.667643
10634715.884576
11022399.097745
10605574.152268
10873083.992453
10674894.242653
10785150.116887
10715008.299724
10578949.042540
10750453.527364
10537481.344973
10698849.209820
10512424.944608
10535771.425962
10370735.254191
10225180.250229
10287126.985406
10720261.395467
10684904.205458
10515101.415876
10520855.002409
10409798.571272
10328733.668630
10562265.841556
10636187.246859
10428834.996698
10441612.474930
10632076.874883
10568704.578194
10287838.578294
10426525.553932
10614617.131844
10498825.445688
10450493.567194
10664046.005854
10554503.346833
10324878.028000
10645501.668696
10745225.067139
10435223.761669
10504638.562987
10292602.762085
10481568.930069
10527575.638278
10540286.427254
10611445.047116
10323653.967704
10309902.036247
10657859.103012
10560806.572522
10490479.428175
10809700.100269
10970183.835273
10485471.441080
10594082.779781
10235388.037146
10436225.979557
10752521.599987
10610934.732141
10454535.830853
10607792.213187
10555991.503484
10623826.684907
10421671.184317
10702947.748493
10492110.880150
10522637.403363
10229803.840239
10252978.047853
10593275.215667
10305296.573747
10339622.403367
10281964.796369
10802453.965346
10494106.084256
10474016.449931
10451889.942360
10639087.779424
10356867.104396
10509295.006882
10534590.517312
10535987.833374
10345851.984369
10551916.434195
10654584.358371
10567986.949914
10322654.250062
10676619.753328
10699399.103090
10542344.670465
10594194.117581
10592982.976210
10258866.910185
10555743.774766
10693815.198084
10463461.223572
10747008.328984
10443560.858085
10375272.086298
10820419.432999
10753548.161035
10258206.211099
10625891.492794
10424425.054447
10890062.914406
10512710.732852
10677456.596828
10528836.926730
10677138.972781
10522287.498320
10537873.580135
10475294.521102
10523407.150809
10656759.124034
10433561.588320
10706580.347145
10381866.457230
10947875.931851
10444227.497654
10373575.025459
10521748.280772
10259767.304796
10310862.626112
10655154.426516
10916031.628810
10573132.213085
10669190.664433
10717273.358056
10298296.414339
10640330.211951
10407940.706188
10429142.170845
10456255.335052
10412706.507350
10564113.085025
10315267.486063
10827209.502234
10664553.059237
10109543.559011
10514984.081542
10713350.886066
10481752.281460
10229432.305792
10647410.237276
10881028.820281
10773104.725110
10578915.480406
10477837.747729
10392352.204094
10517417.485563
10660413.783842
10567359.694335
10727842.956870
10584775.569974
10631377.046239
10281709.241753
10541965.114762
10678798.518463
10482142.454957
10370372.371933
10510925.751069
10531564.516709
10786038.383758
10378694.972348
10306197.209896
10329644.143594
10312866.716235
10633633.753658
10694580.510010
10446350.136791
10518835.384521
10573444.038803
10338746.473304
10370780.848012
10669522.557438
10396331.916495
10453638.595330
10650932.394644
10194298.821913
10272780.240632
10725414.439593
10426173.339436
10649887.582175
10426137.449590
10642324.109261
10505997.791349
10613776.274203
10462340.897084
10798007.996102
10728907.689847
10349907.801923
10554246.122932
10451421.430942
10388768.658366
10393201.647747
10508774.814134
10269181.938073
10530648.081482
10303552.228317
10307251.835573
10316214.416766
10464458.065061
10121897.878167
10534151.102533
10652291.780506
10422009.542070
10516719.373784
10268902.989178
10544571.594877
10689521.906629
10670370.641321
10617497.731801
10505073.490053
10366187.936173
10239538.662659
10604803.724544
10380148.715067
10541704.233642
10716334.474536
10557524.444683
10422329.824212
10724680.834778
10608247.013641
10351737.078715
10481706.753566
10499706.306511
10833961.719771
10548717.106215
10473098.797249
10907574.055704
10353551.841623
10462470.028089
10344769.174531
10652854.102453
10178971.770967
10417076.742078
10308149.416233
10352032.626789
10535673.041416
10631612.440712
10754165.903962
10500907.253483
10447089.364975
10193892.421430
10741984.849047
10446707.657860
10592725.846997
10305636.693655
10428971.914782
10578614.803262
10746015.523446
10685652.174389
10625867.785259
10470521.107705
10536766.550295
10567937.553017
10667639.912247
10554182.539574
10496083.446219
10587921.926161
10548996.514513
10400425.066403
10690662.635166
10662302.793446
10486462.504148
10367980.588456
10431466.907624
10735136.940680
10476554.785665
10429948.416401
10431443.523578
10522509.412726
10730567.584057
10242598.359365
10355430.064964
10326189.730581
10638727.037305
10538056.173827
10362333.424747
10677993.008948
10611212.027818
10652413.554531
10407217.794881
10744817.052192
10326115.428282
10496503.610607
10439607.570152
10496756.564684
10577470.609217
10409336.748552
10478344.148002
10651798.132198
10520743.264303
10849452.039046
10532934.595092
10439345.415949
10527919.314588
10663079.718893
10370507.105423
10314736.732135
10314988.927069
10460401.367466
10212403.705384
10777815.745335
10513045.858852
10310985.049340
10533182.013453
10462845.451706
10538717.579294
10550562.058570
10331988.848564
10513767.988124
10693927.920340
10743574.053253
10587334.395692
10521967.930555
10309344.352138
10388154.771034
10731974.341120
10648198.051264
10099643.265548
10547733.462374
10652961.122114
10326841.197393
10617922.123772
10490224.321102
10549071.448724
10662839.843110
10724632.594718
10762112.133355
10421867.500160
10650377.012218
10552876.355879
10682698.162423
10681620.878662
10490904.160648
10616831.223618
10549169.047107
10655091.533787
10511154.911407
10115349.806192
10441296.955035
10384578.292195
10515270.212680
10586868.999189
10427235.570482
10574130.608055
10559063.459692
10330259.483809
10770080.442339
10437745.102954
10587718.099194
10744857.136312
10517936.968273
10301199.092818
10363478.317879
10534120.783866
10512934.517305
10640106.559248
10574340.276055
10423808.760638
10465310.955865
10898911.566954
10683608.549731
10783402.972702
10377279.209638
