38235 48316 39700 62475 45564 65388 52507 45888 37401 48060 23195 47991 42300 58195 52356 67491 50453 54262 26220 66970 45523 48766 45411 59906 69248 39878 61972 61389 49132 47764 39968 62042 65526 44543 53233 53298 50776 55769 60444 43012 53458 45745 47106 35320 66559 48713 41445 55849 41939 44396 55208 34332 53655 53043 49859 62695 35632 37620 34560 55174 54185 48761 56786 58283 49110 
76531 96303 79199 124860 91035 130920 104973 91846 74593 96404 46646 96173 84214 116240 104496 135176 100857 107928 52205 133999 91423 97854 91224 119932 138407 79775 124075 122817 98047 95693 80303 124088 130755 88874 106065 106744 101962 111743 120734 85765 106761 91370 94332 70730 133278 97430 82980 111829 83911 88738 110182 68443 107497 105591 99642 125786 71395 75172 69195 110104 108783 97183 114031 116679 98080 
114987 144549 118706 187822 136350 196678 157240 137722 111632 144557 70135 144399 125903 174163 156617 202733 151809 161804 78710 200844 136841 147015 136988 179576 207746 119894 185902 184181 147237 143123 120429 186001 196006 133299 158965 160354 153187 167862 180953 129145 160234 136733 141375 106288 199965 146382 124347 167704 125770 133033 165227 102684 160880 158223 149234 188828 107236 112687 103598 165193 163084 145288 171218 175186 147539 
153409 193032 158309 250254 181295 261988 209443 183511 148635 192818 93408 192616 167888 232255 208846 269920 202501 215523 105011 267753 182195 196168 182927 239368 276973 160033 247986 245217 196655 190679 160929 248412 261377 177780 211825 213587 204387 223962 241162 172067 213502 182402 188784 142039 266660 195241 165754 223709 167804 177259 220606 136729 214076 210980 198755 251803 142992 150110 138146 220585 217818 193673 228343 233412 196714 
192188 241076 197589 313013 226602 327488 262014 229535 186048 241039 116975 241016 209638 289985 261397 337611 253525 269240 131089 334814 227645 245276 228648 299480 346075 199823 310507 306216 245517 238456 201374 310336 326801 222564 264928 266256 255213 279780 301423 214896 266224 228026 235933 177474 333385 244016 207543 279941 209997 221431 275915 170710 267769 263585 248273 314870 178679 187703 172856 275738 271836 242189 285117 291898 245796 
230556 289574 237255 375546 271728 392983 313841 275681 223095 289229 140083 289539 251419 348102 314004 404824 304564 323125 157093 401966 273054 294103 274454 359792 415088 239433 372545 367673 294476 286063 241745 372349 392524 267071 318220 319709 306584 335903 361375 257631 319426 273637 283031 212829 399742 293151 249260 336248 251885 265549 331060 205017 321071 316453 297735 377994 214382 225183 207279 330962 326381 291026 341878 350262 294560 
268930 337744 276867 438365 317004 458817 365675 322077 260455 337140 163577 337766 293609 405943 366191 471712 355618 376925 183288 469045 318655 343043 320107 419852 484319 279430 434839 428882 343161 333402 281816 434242 458313 311775 371091 373008 357581 391809 421796 300374 372600 318901 330679 248715 466013 341944 291179 392106 293277 309985 386411 239445 374631 369216 347397 441053 250115 262476 241911 385962 380796 339941 398908 408585 343511 
307282 385944 316267 501177 362480 524301 417939 368028 297794 385335 186858 385872 335663 463603 418712 539118 406287 430697 209575 535717 364228 392354 365885 479802 553990 319426 496954 489995 392032 381007 322180 496325 523975 356275 424319 426107 408712 447879 481974 343191 425975 363892 377784 284202 532618 391119 332404 448019 335345 354575 441003 273673 428477 421935 397067 503931 286032 300386 276149 441368 434965 388420 456200 466958 392244 
345526 433889 356001 563889 407676 589703 469995 413458 334871 433164 210011 434116 377768 521857 471384 606110 457602 484496 235689 602869 409726 441391 411513 539671 623474 359269 558934 551367 441263 428814 362779 558758 588992 400997 477339 479150 459843 503805 542353 386742 479306 408904 425246 319898 598752 439717 373967 503491 377440 399488 495788 308078 481971 474482 447006 566915 321815 338105 310646 496683 489297 436641 513570 525207 441333 
384030 482227 395459 627074 452909 655392 522635 459302 372229 481144 233363 482220 419611 579566 523909 673219 508608 538450 261827 669707 455051 490202 457305 599271 692669 399152 621022 612753 490325 476779 403012 620571 654701 445411 530251 532310 511015 560019 602499 429758 532443 454632 472293 355577 665159 488690 415706 559206 419213 443569 550426 342427 535535 527275 496880 629797 357443 375678 345218 551941 543694 484969 570647 583772 490853 
