1930850
2384372
1982652
3148304
2274970
3293425
2615141
2296536
1866294
2418285
1168664
2413951
2094610
2885261
2620607
3381765
2552276
2677991
1311126
3361749
2282610
2459621
2296869
3004371
3472688
2001684
3113888
3074728
2448956
2396647
2017889
3123285
3281680
2234854
2668477
2643382
2567087
2438067
3027024
2154534
2610322
2268627
2373850
1778659
3339897
2451753
2089786
2768213
2104975
2226954
2764537
1719915
2691345
2645994
2501382
3167102
1794669
1887950
1732236
2769573
2731486
2398662
2863637
2931306
