38643 47656 39689 63388 45912 65470 52950 45573 37425 48281 23345 48527 42198 57715 52243 67439 51205 53424 26282 67141 45490 48742 45918 60143 69534 40387 62078 61345 48903 48146 40459 62949 65392 44525 53467 53033 50787 48851 60497 43178 52502 45261 47481 35640 66628 49012 42296 55213 42940 44537 55441 34235 54024 52863 49807 63261 50823 37865 34375 55354 54475 47702 57350 58713 33872 
38462 47375 39810 62913 45298 65800 52954 45843 36875 48399 23497 48259 42015 57812 52145 67284 51227 53444 26400 67144 45768 49307 46206 60041 69606 40598 62362 64878 48825 48082 40569 62372 65371 44289 53379 52905 51241 48790 60793 43132 52192 45432 47455 35816 66885 49259 41805 55280 46123 44277 55571 34266 54175 52591 49933 62999 42910 37886 34485 54846 54111 48203 57122 58240 36668 
38699 47477 39495 63197 45356 65988 53290 46508 37608 48210 23423 48166 41887 57949 52472 67962 51472 53654 26260 67061 45722 49084 45659 60279 69460 42097 62045 63117 48872 48151 40891 62243 65519 44441 53156 52628 51190 48490 60794 43089 51964 45549 47716 35690 66888 49221 42518 55606 49401 44447 56047 34573 53839 52806 49798 63162 37529 37574 34542 55679 54596 48311 57594 58521 33368 
38208 47569 39600 63133 45510 66022 52860 46565 37295 48517 23678 48606 41656 57284 52496 68182 51632 54070 26113 67337 45393 49126 46049 60083 69219 46032 62310 62129 49426 48325 41129 62448 65297 44732 53379 52893 51492 48827 60819 43160 52160 45653 47566 35616 66762 48900 43980 55114 44726 44504 55680 34548 54028 53223 50287 63290 36587 37835 34697 55374 54891 48027 57320 58372 32259 
38939 47388 39830 62930 45608 65589 52440 46528 37507 48965 23668 48249 41498 57775 52542 67887 51139 53817 26582 66933 45889 48838 45847 60101 69273 44548 62062 61852 49171 48355 40874 62263 65554 44971 53076 52708 51473 49020 60873 43048 51953 45335 47396 35559 67091 49634 47231 55509 43247 44524 54590 34405 53690 52780 50355 63341 36488 38021 34797 55276 55158 48300 57363 58926 33421 
38601 47783 39739 63124 45688 65847 52259 47566 37266 49936 23520 48673 42009 57806 52539 67858 51185 53200 26088 67200 45503 49210 46209 60272 69443 41520 62456 61742 49317 49930 40856 62111 65294 44694 53431 52824 51287 48905 60408 43296 52337 45534 47512 35504 66716 49674 46580 55386 42371 44244 55368 34572 54202 53052 51790 63038 36402 37744 34504 55700 55154 48018 57268 58479 32256 
38407 47688 39796 62906 45173 65285 52363 46931 37507 50485 23829 48114 42383 57820 52341 67708 51470 53444 26150 67498 45698 49163 45932 59682 69457 40613 62316 61681 48922 53314 40740 62684 66174 44436 53355 52555 51256 48904 60687 43547 51994 45405 47465 35688 66508 49813 43225 55203 41917 44357 55627 34251 53398 52660 51813 63014 35969 38005 34847 55550 55460 48262 57428 58002 35725 
38326 47094 39447 62214 45357 65557 51895 44676 36843 46168 22401 47780 41710 57470 52240 67043 50890 52646 25866 67035 45476 48432 45397 59655 69273 39258 62266 61376 48007 72512 40497 62177 65132 44445 52415 52788 51183 48209 60068 41771 51796 44881 47232 35192 66110 41285 40826 54843 42022 44449 54615 34224 53160 52512 48289 63010 35538 37108 34684 53859 52936 47306 57179 58310 65639 
38154 47362 39787 62658 45124 65905 51758 45245 37097 47770 24707 48264 41377 57312 52212 67392 51328 53199 26153 66959 45716 48685 45823 60253 69353 39754 62364 60995 48493 44032 39935 61931 65475 44612 52321 52481 51287 48428 60293 42520 51611 44849 47463 35319 66493 66687 41278 54845 42227 44497 54950 34142 53660 52489 49169 62561 35494 37280 34498 54065 53611 48219 57093 58287 54699 
37837 47216 39283 62741 45191 65872 51739 45079 36781 47246 53802 48231 41396 57354 52265 66960 50768 52717 26225 67028 45344 48320 45692 59885 68550 39709 62126 61353 47901 45250 40010 61745 65189 44436 51635 52302 51459 48013 60179 40470 52215 45152 47586 35067 66882 45655 40957 55095 41747 44057 54834 34383 53509 53052 48837 62864 35654 36853 34183 53895 52717 47508 56970 58719 56310 
38142 47450 39870 63227 45447 65910 51929 45987 36914 48018 23514 48082 41624 57553 52359 67036 50650 53120 26102 67107 45395 48956 45616 59705 69293 39845 61900 62276 48957 47448 40331 62559 65301 44678 53130 52724 51379 48743 60024 42836 52112 45563 47631 35760 66827 49242 41231 55261 42161 44168 59598 34451 53567 52602 49719 63419 44708 37655 34574 55386 54564 47840 57174 58433 45217 
38380 47288 39204 62896 45132 65231 50543 45235 37467 47782 22999 48035 41313 57000 52308 67001 48916 52891 25999 66839 45034 48712 45653 59925 68677 38827 61752 72551 48847 47424 39045 62253 65454 44558 53006 52526 51056 48635 59620 42793 51768 44950 47127 34745 66319 48577 41097 55061 43678 44375 52578 34305 53687 51878 49794 62961 33235 37301 34903 55397 54163 47659 56539 57275 71821 
38276 47117 39474 62706 45266 65326 51444 45005 37313 47867 23280 48359 41323 57292 52184 67050 49957 53120 26079 66970 44911 49244 45640 59789 68995 40142 62311 58611 48685 47292 39961 62270 65429 44677 53186 52379 50963 48281 59583 43218 52054 45281 47243 34976 66499 48423 40819 54758 61225 44200 53435 34347 53241 52788 49636 63214 34760 37496 34325 55301 54537 47699 56809 57819 58140 
38242 47609 39190 63020 45180 65344 51426 44964 37543 48025 22925 48176 41728 57261 51897 67219 49779 53368 26270 67000 45682 48868 45671 59985 68479 59480 62183 60700 48681 47567 40071 62424 65247 44485 52614 52517 50815 48563 59997 42835 51667 45175 47423 35091 66916 48734 39507 55055 42322 44261 54485 34310 53447 52489 49320 62855 35678 37390 34465 54520 54349 47635 56840 57784 55252 
38595 46831 39507 62708 45066 65312 50942 43695 37195 47273 23126 47920 41397 57212 51848 67225 50451 53107 26044 67140 45278 48724 45580 59558 68839 40773 61672 60199 48707 46487 39045 62419 64945 44493 52630 52226 51023 48105 59589 42933 51574 45039 47092 35114 66131 48098 61693 54863 40905 43674 53802 34196 53776 52434 47859 62984 35329 37806 34528 54537 54069 47421 56905 57320 67032 
38519 47506 39384 63199 45708 65984 52242 49294 37205 48275 23236 48112 41601 57579 52424 67418 50482 53627 26052 67052 45310 48736 45726 59768 69308 39756 61897 61013 48748 48038 40243 61853 65610 44659 52950 52847 51044 48613 60201 42716 52001 45374 47499 35533 66446 48559 49643 54963 41962 44164 54624 34294 53256 52351 51854 62639 35512 37726 34496 55281 54605 47898 56915 58301 50169 
38015 47086 39731 62978 45359 65445 52045 46204 37333 52729 23048 48043 41997 57175 52436 67224 50816 52796 25730 67176 45385 48619 45818 59797 69035 39878 61611 61349 48726 48486 40195 62055 65597 44891 52790 52844 51216 48587 60421 42468 51707 45103 47053 35368 66395 48363 42231 55808 41915 44084 54944 34294 53422 52942 56918 63416 35748 37369 34780 54626 54154 47911 56945 58042 53328 
38397 47741 39293 62398 45067 65874 51731 45271 36976 54161 23297 47714 41543 57039 51983 67511 50687 53450 26284 66849 45489 48768 45752 59798 69264 39923 62226 61222 48270 51672 40206 62200 65691 44298 52694 52435 51663 48623 60275 43000 51780 45211 47262 35133 66918 49491 41632 55571 41810 44200 54859 33939 53530 52607 50081 62774 35900 37411 34675 55404 55549 47692 57016 58135 54685 
38274 47241 39886 62311 45327 65652 52253 45475 36961 48793 24450 48200 42046 58045 52158 67339 50730 53089 26146 67358 45383 48942 45712 60021 69134 39759 62181 61116 48602 48476 40024 62565 65405 44775 52890 52467 51023 48814 60596 46955 51805 45174 47151 35201 66335 53199 41635 55170 41716 44314 54902 34607 53719 52363 49468 63167 35849 37584 34078 55594 56553 47774 57212 58335 50521 
38592 47611 39234 62654 45190 65637 52117 45541 37101 48699 29674 48361 41819 56950 52427 67696 50653 53589 26233 67201 45746 49265 45664 59850 68937 39780 62047 61976 48769 47222 40146 62212 65567 44853 53185 52789 51272 48165 60600 50231 52108 45492 47134 35251 67155 49463 41774 55364 42160 44523 54755 34353 53660 52779 49652 62968 35769 37924 34692 55009 54556 47909 57165 58312 44818 
38342 47558 39669 63045 45193 65976 53001 46173 37255 48129 23341 48124 42073 57451 52385 67269 53536 53189 26450 66680 45540 49204 45804 60236 69079 39953 62440 62139 49141 47673 40059 62094 65510 44906 52971 52871 50770 48525 61168 43292 52173 45627 47537 37675 66910 48848 41753 55349 42451 44094 61599 34633 53984 52782 49881 63294 36995 37470 34491 54951 54907 48061 57386 58784 40151 
38401 47581 39355 62635 45422 65519 55816 45416 37228 47718 23123 48449 41382 57392 51647 67292 60224 52701 25530 66897 45361 48858 45769 59905 68562 39227 61588 58394 48675 47385 39268 62079 65392 44423 53111 52504 50809 48302 58445 42663 52079 44957 46943 34783 66435 49107 40945 55200 40388 44212 55823 34104 53643 51869 49551 62894 34431 37594 34456 55065 54349 47730 56413 57109 69472 
38504 47094 39551 62773 45784 65353 59624 45640 36995 47852 23306 48114 41402 57506 52039 66491 51727 53451 26032 67112 45393 48935 45639 59898 69337 39900 61908 60113 48794 47386 44295 62394 64900 44599 53351 52485 51337 48512 59820 43010 51658 44920 47132 34927 66548 48563 41310 54932 42240 44221 54198 34456 53329 52871 49533 62709 35086 37748 34515 55315 54066 47417 56862 57893 59195 
38541 47442 39789 62594 45406 65292 52494 45751 37419 48466 23198 47852 41835 57455 52454 67100 50344 53573 26154 66721 45599 49007 45410 59690 69109 43711 61843 60658 48814 47968 49768 62395 65090 44472 52466 52598 51073 48477 59902 43032 51900 45397 47281 34964 66921 48531 41891 55114 41939 44501 54853 34334 53610 52714 49728 62959 35516 37794 34607 55015 53950 47753 56913 58703 52150 
38368 47857 39378 62481 45024 65987 52520 48289 37161 48298 23339 48405 41916 57531 52473 67438 51053 53712 26068 67022 45576 49042 45800 59685 69042 42751 62032 60839 48920 47675 41813 62094 65320 44693 53153 52612 51081 48771 60488 43055 51853 45355 47430 35493 67003 48950 46512 55447 41962 44142 55016 34373 53603 52584 50051 63035 35558 37348 34837 55539 54119 47994 57244 58257 47533 
38147 47263 39460 62887 45230 65264 51564 64167 37123 45911 22902 48161 41512 56853 52023 67158 50407 52930 26086 67104 45468 48468 45848 59892 69133 38919 61753 60587 48889 47018 40015 62085 64981 44467 52523 52736 51129 48401 60200 42527 51832 44854 46996 35462 66598 47981 41362 54530 41688 44728 54594 34200 53224 52633 48247 63152 35715 37498 34239 54529 53734 47528 57110 58352 62023 
38153 46974 39247 62516 45283 65676 52256 47172 36663 49335 22694 47553 41402 57014 51902 67022 50638 52926 26380 66872 45366 48897 45775 59897 68926 39007 62115 61178 48641 46964 40058 62234 64990 44100 52456 52354 51303 48111 59804 42345 51737 45182 47486 35257 66109 47682 40517 55112 41860 44089 54848 34183 53540 52357 60842 63083 35293 37114 34497 54833 53652 47677 56822 58240 65789 
38273 47286 39459 62686 44990 65519 52221 45069 37013 52258 22800 47976 41587 57098 51946 67453 51066 52926 26027 67000 45582 48372 45512 59773 69227 39447 61629 61226 48426 47029 40185 61858 65074 44437 52281 52412 50761 48046 60019 42352 51761 45013 47286 35129 66341 48158 40976 55493 41560 44168 54682 34262 53452 52515 49588 62811 35810 36885 34446 60611 56754 48054 57160 58047 64737 
37912 46532 39467 62771 44930 65751 52060 45037 36602 46693 22500 48066 41393 57524 52053 67201 50645 52360 25843 67247 45636 47418 45445 59837 69283 39765 62584 61355 47672 46292 40036 62126 65168 44356 52181 52284 50876 48159 60018 45543 51391 45359 46777 35415 66232 47427 40933 54799 41722 44059 54660 34264 53163 52829 48547 62631 35759 36885 34395 53617 66092 47292 57119 58152 71860 
37887 47255 39950 62640 45179 65737 52199 45094 37168 47469 23472 48082 41855 56973 52179 66991 50956 53313 26018 67479 45515 48005 45671 59961 69190 39829 61947 61482 48492 46999 40574 62335 65588 44684 53700 52366 50793 48366 60060 59497 51599 45237 47097 35506 66625 48135 41417 54699 41662 44282 55064 34077 53219 52852 49704 62703 35353 37581 34605 54008 53261 47973 57393 58235 54763 
38305 47389 39459 62745 45342 65361 51743 45479 37482 48210 23275 47910 41065 57403 52108 67596 51288 53352 25882 67009 45404 49034 45541 59920 68595 39897 61843 60660 48825 47556 40425 62425 65197 44955 53052 52523 51110 48694 60495 43128 51877 45281 46933 51437 66494 48755 41595 54970 41781 44113 54668 34407 53436 52113 49881 63448 35657 37687 34649 55450 54544 47648 56854 57453 51187 
38418 47397 39364 63035 45101 65176 49953 45440 36862 47946 22900 47984 40267 57097 52023 66140 49420 53269 26177 66827 45162 48523 45600 59816 67383 39258 61709 59290 48736 47786 39102 62127 65048 44702 52930 52449 50976 48369 81317 42568 51374 44480 47612 32913 66412 48816 40959 54900 40965 44099 53050 34180 53295 50434 49312 62932 34999 37251 34618 55024 53672 47123 55700 52720 79513 
38190 47707 39488 62736 45337 65428 53314 45653 37426 48200 23374 48367 42002 57864 52154 67514 52235 53252 26204 66714 45942 49127 45861 59656 69169 39492 61883 60199 48497 47771 45546 62147 65089 44468 53154 52572 51358 48898 61701 43015 51573 45223 47463 35501 66333 48707 41444 54926 42366 44495 54497 34325 53349 54242 49706 63078 35693 37712 34555 55046 54168 47913 57551 59095 52335 
38370 47734 39409 62920 44967 65323 51978 46061 37450 48235 23406 48320 42103 57253 52180 67788 50977 53340 26327 67053 45901 49266 46113 60075 69383 40134 61693 60985 48782 47845 49424 62252 65719 44438 53354 52858 51121 48703 60693 42932 52217 45513 47233 35454 66640 48673 41907 55052 42068 44825 54941 34494 53314 53579 49999 63233 35823 37703 34419 55216 54395 48705 57315 58019 46398 
38450 48411 39454 62908 45401 65638 52544 47810 37648 48577 23418 48540 41988 57759 52936 68105 51062 53258 26062 67443 45674 49084 45663 60039 69803 41219 62085 61490 49201 47788 42804 62205 65584 44370 53250 52836 51236 48800 60789 43018 52347 45521 47500 35571 66832 48836 42724 55793 42458 44320 55284 34657 53682 53403 50647 63274 36028 37288 34403 55747 54238 48556 57587 58864 40090 
38350 49655 39343 63656 45296 65410 52168 49380 37004 48776 23342 48415 41746 57913 52299 67948 51300 53746 26387 66988 45562 49285 45722 59922 69633 40509 62087 61145 49214 47457 40860 62450 65648 44522 53290 52853 51337 49348 60334 43148 52357 45692 47458 35442 66353 48910 42491 55655 41998 44474 55013 34387 53751 53024 50921 63172 35749 37756 34333 55730 54527 48706 57409 58407 42837 
38160 52908 39255 62256 45653 65326 52446 47350 37458 48551 23307 48324 41937 57369 52056 67437 50504 53658 26337 66929 45852 48715 45882 59784 69190 39924 62345 60997 49467 48019 40091 61851 65427 44328 53149 52639 51276 49014 60335 42800 52153 45292 47110 35691 66735 48971 41653 55293 41867 44137 55211 34517 53755 52692 51078 62683 35751 37766 34760 56395 54728 47637 57032 58559 50228 
38229 50142 39609 62488 45286 65479 52005 45442 36774 47880 23253 47853 41662 57278 52264 67685 50703 52963 26122 67145 45780 48509 45564 59989 69173 39552 61918 61119 49898 47135 39979 61881 65087 44397 52667 52319 50990 48628 60550 42171 51665 45161 47079 35098 65898 48205 40880 54754 41990 44020 54902 34260 53791 52627 49505 62300 35754 37544 34280 64564 53687 47944 57135 58021 61368 
38287 46942 39103 62302 45247 65595 52177 45223 36788 47426 22833 47778 41647 56348 51946 67271 50694 52802 26168 66700 45379 49136 45786 59767 69439 39787 61731 60986 49385 47210 40255 61985 65666 44243 63316 52600 50965 48363 60197 41715 51551 45086 47005 35503 66151 48399 41684 54949 41633 43956 54850 33922 53145 52759 48676 62452 36262 36761 34769 55665 54454 47459 56750 58663 66308 
38179 47069 39392 62946 45431 65265 52277 45809 36764 47807 23264 48160 41605 57292 52722 67445 50759 53319 26147 66971 45432 53299 45345 60255 69356 39876 62172 60979 48983 47445 40092 62268 65433 44402 58571 52536 51091 48581 60122 44245 52259 44857 47346 35334 66285 48719 41577 55572 42165 44489 54888 34208 53547 52814 49402 62576 36001 40216 34514 54321 54546 47588 57295 58450 51925 
38441 47463 39856 63193 44972 65570 52132 45911 36817 48326 23257 48282 43691 57233 51689 67814 50889 53334 26311 67218 46101 49467 45709 59755 69328 39840 61747 60934 48481 47916 40812 62018 65101 44963 53326 53092 51259 48582 60616 43328 52191 45541 47388 46333 66900 48711 41550 55237 41826 44303 54795 34463 53490 53262 49371 62962 35848 37743 34853 55242 54401 48118 57650 59850 43198 
38247 47285 39598 62507 45350 65193 52344 45360 36942 47838 23378 47726 43539 57138 51895 66845 50446 53491 26193 66775 44903 48965 45580 59942 68481 39093 61537 60560 49010 47670 40313 62771 65550 44369 53032 52384 51122 48481 59919 43070 51805 44936 47267 36093 65982 48899 41474 55235 41303 44391 54657 33849 53887 55994 49781 62643 35809 37593 34357 55468 54089 47550 57772 64967 59357 
38565 46997 39310 62543 45361 65235 51229 45575 36760 47959 23160 47860 40973 57220 51565 65970 50448 53149 25686 67004 45574 49192 45478 59757 68243 39532 61387 60535 48947 47468 40211 61990 64875 44795 53298 52946 51028 48390 59264 42983 51599 44883 46975 35035 65826 48697 40834 54876 41858 44329 54408 34349 53521 66880 49317 63331 35698 37424 34530 55010 54441 47336 58209 57406 64766 
38491 47323 39484 62655 45694 66110 52372 46065 37699 48015 23393 48259 42230 57239 52481 68809 50777 53469 26251 66820 45701 48650 45991 59737 70749 40295 62185 61314 49071 48182 42232 62298 65068 44639 52974 53235 51255 48999 60596 43059 52709 45684 47332 35940 66168 49330 41961 55582 41703 44297 55105 34370 53765 55461 49762 62872 36062 37314 34457 55197 54016 49853 58862 58542 43790 
38451 48441 39408 62621 45039 66182 52594 46586 37306 48234 23253 48328 42168 57584 52438 68458 51366 53778 26067 67227 45843 49451 46302 60238 69928 40263 62266 61250 48896 47672 41405 62697 65491 44456 53346 52745 51248 49945 60371 43530 52489 45783 47398 35709 67144 49239 42170 56073 42519 44002 55282 34542 53541 53615 50007 62906 35830 37693 34443 55729 54817 49948 57713 58452 40084 
38427 50294 39401 63470 45549 65522 52507 47019 36957 48478 23210 48115 42117 57951 52319 67668 51018 54409 26276 66738 45500 49486 45722 59868 69482 40404 62343 61481 49640 47553 40945 62375 65702 44679 53320 52716 51344 50568 60163 42775 52810 45216 47135 35445 67074 49022 42093 56071 42120 44718 55013 33959 53949 53370 50307 63071 36142 37752 34596 55735 54654 48813 57594 58386 41444 
37855 60417 39291 62367 45182 65830 51777 45657 37004 48119 23140 47950 41553 56935 52228 67529 50647 54009 26038 67008 45575 48735 45513 60045 68977 39433 62097 61201 48537 47590 39810 62042 65189 44542 53078 52582 51005 48947 60463 42544 52172 45310 47643 35170 66741 48509 41495 55140 42304 43954 54979 33986 53595 53131 49594 62442 35463 37414 34350 54841 53827 47651 57322 58077 56449 
38110 52728 39118 62625 45386 65351 52059 45057 36769 47421 22662 47889 41740 57077 51331 67041 50859 56315 25944 67258 45466 47960 45548 59701 69379 39565 61862 61277 55162 47399 40209 61798 65252 44168 52380 52221 50713 47901 60486 42350 51399 45472 47118 35294 65814 48346 41062 55385 41706 43604 55093 33859 53300 52723 48807 62056 35825 36808 34158 54927 53551 47579 56756 57862 67959 
38275 46777 39487 62538 45245 66072 51811 45284 36962 47585 23202 47813 41740 57337 52092 67178 50314 53121 26288 66940 45751 52801 45672 59798 69199 39838 61903 61066 58426 47307 39860 61984 64927 44302 53046 52268 50841 48564 60378 42210 51770 45212 47270 35483 66084 48098 41460 55098 42020 44004 55274 33822 53281 52837 49515 62629 35591 37189 34148 54954 53740 47721 56801 58279 61518 
38047 46626 39095 61992 45441 65450 51997 45463 36922 47808 23287 47611 41665 56943 51929 67307 50642 52800 26137 67205 45436 56310 45291 60153 68890 39737 62086 60856 48610 47496 39947 62282 64802 44392 51587 52503 51084 48349 60383 42044 51795 45203 47047 35208 65845 48292 41430 54990 41809 43897 55031 34292 53712 52784 49297 62143 35731 46673 34371 54099 53446 47968 57126 58345 62861 
38528 47912 39701 63345 45320 67180 52088 46174 37382 48188 23618 47933 47702 57425 52686 67650 51149 53576 26576 67444 46424 48808 46165 60198 69982 40208 63130 61571 48988 47950 40625 62535 65458 44707 53452 52948 51283 48910 61177 43254 51646 45428 47499 37689 66930 49145 41730 55592 42302 44688 55590 34551 53066 53956 49718 63266 35815 37307 34849 55018 54920 48372 58616 59804 33153 
38429 46966 39122 62867 45174 64154 51292 45527 37362 48212 22872 48007 69165 57413 51730 64906 50106 53004 25940 66618 44782 48936 45726 59229 66450 39667 60649 60899 48755 47554 39658 62033 64894 44754 52790 52671 50712 47826 58599 42952 51660 44459 46849 34457 66623 48740 41454 54444 41182 44405 54730 33944 52958 49661 49632 62959 35537 37744 34065 54981 54489 47002 54403 56251 68969 
38079 47043 39127 62724 45228 63901 51121 45182 37401 47767 23321 47528 39292 57239 51081 60639 50006 52940 25695 66654 44268 49032 45339 59588 88720 39201 60189 60818 48479 47489 39206 61853 65141 44432 53144 52058 50584 47584 58807 42448 51192 43666 47202 34133 66335 48543 41434 53888 41575 44041 54525 33981 52897 49457 49431 62499 35156 37348 34149 54940 54241 45554 52900 56833 93732 
38425 47161 39501 62019 45399 65139 51727 45193 37132 47369 22814 47902 41614 57231 50970 67935 50272 53108 25863 67176 45154 48776 45840 59711 68598 39673 61416 61026 48554 47985 40449 61903 65402 44152 52909 51995 50666 48054 60253 42788 51681 44235 47384 35075 65884 48922 41282 54362 41534 44138 54639 33904 53216 52453 49857 62627 35640 37505 34297 55010 54469 63833 56932 57687 64180 
38576 48183 39784 62637 45344 65468 52507 46010 36984 48046 23003 48357 42073 57577 52665 67287 50888 53339 25957 67428 45619 48978 45360 59692 69624 39854 62047 61066 48784 47672 40191 62142 65231 44320 52583 52840 51030 52722 60090 43022 52412 45424 47485 35211 66508 48952 41697 58703 41885 44181 55028 34278 53886 52660 49456 63036 35721 37670 34403 55314 54291 51356 57360 58159 49944 
38691 48194 39566 62698 45400 65520 52091 45765 36816 47728 23105 48062 41814 57778 52189 68145 51007 53521 26047 67100 45395 48875 45793 59585 69577 40045 62104 61185 48876 48172 40327 61519 65324 44637 52981 52917 51108 57914 59949 42886 52925 45443 47284 35255 66216 48693 41694 55712 42242 43879 55145 34066 53248 52999 49662 63348 35647 37172 34526 55474 54238 48120 56972 58106 51528 
38368 49072 39739 62312 44997 65153 52229 46151 36796 48098 23155 48402 41165 58933 52245 67269 50734 56223 26028 66853 45727 49072 45506 59973 69383 39876 62198 61022 49212 47581 40128 62037 64959 44579 52958 52939 51096 50844 60156 42730 55228 45456 47035 35503 67070 48499 41868 55562 42055 44490 54865 34099 53759 52768 49471 63137 35811 37534 34458 55271 54151 48235 57088 58110 52579 
37931 47020 38966 62239 44715 65047 52191 45521 36780 48079 22882 47916 41567 63971 52000 67237 50740 60877 26200 66782 45232 48276 45342 59613 69365 39717 61904 61214 48956 47305 40289 61872 64552 44293 52602 52102 51043 48020 60141 42527 51406 45362 47317 35613 65244 48570 41244 54860 41669 43784 55107 34084 53615 52662 49074 61883 35559 36953 34026 54413 53888 47513 57201 58007 67920 
39028 47656 39615 62468 45179 65828 52203 45468 37361 47782 23277 47955 41985 59877 51981 67502 50756 54529 26262 67199 45741 49900 45609 59647 69328 39623 62529 61107 51255 47575 40510 62145 65212 44494 52827 52569 51348 48583 60346 42884 51766 45140 46904 35374 67216 49171 41529 55092 41412 45314 55453 34351 53736 52784 49804 65208 35911 38357 34416 54911 54490 47711 57301 58091 51415 
41487 47487 39285 63076 45431 65638 52509 45736 37731 47946 23061 48271 41761 58290 52236 67734 50857 53583 26322 66973 45432 50422 45869 59744 68985 39991 61922 60820 49755 47711 40364 62184 65658 44624 53436 52933 51275 48936 60745 42967 51695 45330 47226 35810 66836 48732 41706 55140 42328 45414 55289 34198 53897 52712 49978 64551 35634 41338 34595 55473 54093 48075 57458 58307 44998 
38627 47752 40001 62875 45618 69110 52515 45906 37284 47962 23176 48321 45305 57468 52512 68196 51509 53732 26975 67572 47530 49841 46092 60702 70259 40188 64945 61803 49147 47576 40580 62694 65526 44466 53641 52534 51438 49048 60895 43536 52439 46215 47210 36511 66378 48900 42054 55498 42301 44681 56012 34217 53847 53687 49875 63145 36099 37514 34631 55303 54540 48365 58179 58986 28556 
38343 47162 39488 62585 45326 73236 52366 45733 36927 48326 23439 47903 44410 57328 52343 67717 50885 53359 26223 67076 47098 48884 45624 59895 69686 40153 65004 61064 49073 47782 40126 62477 65373 44855 53261 52915 51253 48279 60394 42893 51793 45372 47486 35575 66782 48629 42057 55098 41795 44716 54996 34225 54029 52719 49774 62848 35711 37276 34352 55545 54788 47635 57870 57945 44720 
38704 47205 39143 62531 45068 67291 52408 45643 36859 48093 23325 48228 42754 57284 52331 68948 50763 53625 26127 66884 48527 48865 45481 59886 70194 39759 62695 61078 48904 47805 40067 62311 65500 44552 52844 52516 50741 48517 60296 42625 51732 48604 47069 35654 66768 48874 41502 55547 42148 44497 55254 34152 52931 52605 49483 62624 35751 37732 34585 55350 54705 48765 57381 58018 51892 
38425 47635 39320 62863 45289 64753 51914 45341 37210 48074 23004 48209 41635 56770 52635 67143 50391 53344 25911 66992 45058 48785 45771 59953 68865 39674 61455 60933 48725 47788 40010 61798 65165 44746 53179 52381 50978 47712 59886 42592 51813 52758 47203 35213 66464 48288 41519 57250 41700 44392 55008 33717 52970 52182 49615 62783 35531 37709 34173 55068 54087 51077 56786 57997 62385 
38004 47306 39044 62297 45137 64670 51957 45328 36857 48047 23245 47350 40670 56594 50230 66149 50689 52784 25729 66622 44701 48722 44310 59490 67855 39450 61092 61356 48204 47363 39439 62066 64947 44271 52569 51074 50241 46788 59463 42488 50554 43292 46941 35478 66102 48955 40984 77742 41737 44198 54371 33798 52016 51930 49456 62840 35533 37067 33824 54696 54227 45154 56023 57286 81198 
38539 47326 39760 62148 44885 64675 51631 45384 36912 47613 23229 47324 41454 56349 51569 66701 50601 52580 25972 67120 45311 48626 45122 59597 69193 39897 61544 61307 48737 47901 40018 61660 64733 44233 52669 58176 50613 58463 60214 42703 51867 44902 47002 34899 65618 48415 41619 53820 41369 43999 54892 33868 52973 52651 49465 62046 35866 37425 33961 54733 54214 47210 57136 58451 69110 
37869 45900 38617 60786 44989 65036 52095 45013 36467 47588 23130 46034 41370 54125 50369 66911 50687 50803 25838 67019 44901 48262 43836 59574 68620 39500 61723 61142 47940 47369 39598 60957 63865 44054 52348 46962 50100 45234 60094 42571 87452 44423 46597 35029 63534 48461 41104 53108 41407 43076 54773 33477 52592 52084 49346 60660 35570 36826 33560 54126 53800 47273 57079 58010 87337 
38361 47090 39115 61495 44645 65513 51982 46034 36290 47767 23001 47430 41872 57591 51628 67223 50332 51951 25915 67172 45347 47912 45232 59754 68470 39398 61975 61506 47866 47043 39871 61469 64375 44261 52520 51750 50393 47990 60413 42600 51994 44770 46748 35403 82114 48674 41295 54616 41580 43442 54980 33796 53157 52483 49106 59479 35829 37327 34011 54925 54332 47558 57026 58150 74653 
37841 46606 39072 61676 45134 65314 52459 45504 36476 48039 23103 47634 41866 56252 51842 67209 51008 52384 26085 66930 45385 48556 45492 59802 69028 39465 61895 61528 48348 47155 40452 61713 64484 43867 52853 52227 50600 48360 60110 42312 51631 45061 46656 35351 62300 48488 41500 54798 41831 44980 55124 33617 53103 52405 49342 80726 35883 37139 34220 54404 53573 47738 56818 58103 69143 
44635 47161 39208 62679 45072 65734 52444 45751 37847 47970 23092 48127 41690 57633 52376 67598 50727 53101 26357 67188 45341 49256 45596 59672 69290 39981 62087 61265 48943 47564 40187 61820 65158 44077 53027 52551 50919 48607 60562 43158 51956 44700 47383 35286 66452 48600 41745 54877 42287 48504 55117 34170 53461 52717 49516 64302 35887 37857 34442 55068 54169 47877 57160 57946 53070 
38423 47952 39638 63043 45630 69742 52479 46357 37264 48394 23436 48932 43448 58164 53160 67918 51550 53831 27992 67683 48248 48891 46308 61491 69617 40296 66132 61567 49291 47739 40783 62094 65049 44733 52782 52836 51779 48744 60900 42938 52261 46437 47428 35938 66778 48691 41947 55845 42129 44531 55699 34583 54238 53360 50256 63470 35896 37797 34894 55007 54409 48435 58054 58894 25769 
38280 47560 39620 62742 45062 72473 52247 45968 37447 48271 23547 48221 42034 57676 52279 67201 50504 53431 26497 67278 49200 48611 45535 59957 69061 39956 67758 61087 48820 47716 39970 61985 65301 44716 52849 52948 50828 48369 60189 43372 52343 45324 47527 35267 66388 48514 41802 55063 41935 43861 55157 34032 53558 52098 49511 62847 35922 37384 34529 55579 54176 47739 57322 58547 47009 
38685 47833 39275 62374 45460 62779 52009 45583 37056 48169 23188 48017 41187 57100 51484 66831 50728 53197 26130 66888 63781 48990 45272 59693 67943 39761 60259 60990 48764 47510 40067 61755 65528 44321 52756 51894 50784 47840 60395 42775 52124 46830 47305 35192 66526 49019 41711 54562 41902 44223 54401 34308 52911 52476 49568 63368 35879 38135 34650 55353 54489 47468 56588 58077 57884 
38080 47859 39407 62645 44958 65221 51924 45721 37271 47944 23114 47940 41734 57319 54418 67286 50683 53178 25919 66928 45988 49141 45349 59970 69043 39340 61794 60980 48763 47924 40204 62162 65076 44349 53091 52531 50755 48404 59974 43214 51913 55954 47275 35558 66554 48526 41083 55000 41771 44426 54899 34374 54505 52822 49634 63097 35922 37338 34345 55014 54562 48054 57302 58546 53925 
38457 47294 39430 62241 45206 65146 52028 45402 36932 47971 23225 47761 41948 57483 64162 66856 50638 53351 25982 67049 45324 49010 45973 59899 68370 40064 61664 61052 48826 47825 39928 61568 65124 44244 52905 53013 51047 47963 60013 43112 51352 45516 47409 35175 66251 48555 41658 54426 41876 44294 54668 34160 54347 52618 49869 62535 35530 37340 34408 55165 54413 47405 56924 58139 60481 
38650 47389 39571 62668 44905 65727 52165 45516 37008 48374 23414 49067 41839 57496 53169 66922 50694 52980 25738 67076 45681 48806 49310 59938 69002 39632 61649 61369 48555 47464 39669 61698 65257 44353 52773 59985 50632 48929 60001 42894 51953 44721 46909 35273 66134 48648 41492 55013 41267 44038 55014 34203 53691 52654 49690 62720 35893 37502 34164 55348 54435 47729 56966 58386 58192 
38348 47398 39447 62298 44961 65633 52265 46108 36678 48419 23249 55240 41632 57242 51724 67588 50539 53137 26008 66903 45694 48704 46812 59753 69397 39602 62101 61068 48977 47664 39963 62183 64748 44265 52705 55548 50799 48236 60168 42878 53529 45047 47209 35028 66480 48856 41474 54489 41788 44154 54909 34278 53721 52068 49839 62511 35974 37371 34258 54784 54334 47714 57262 58313 58528 
38148 47200 39492 65928 45001 65646 52154 45728 36729 47967 23343 51069 41548 57532 52078 67186 51252 53244 26439 66667 45473 49067 45708 59800 69354 39972 62136 60772 48743 47602 39944 63614 65500 44291 53070 52853 50775 48732 60363 42656 52362 44869 46820 35176 68641 48804 41416 55109 41962 44941 54949 34665 53206 52680 49735 63373 35721 37382 34191 54949 54423 47800 57191 58508 56351 
37845 47151 38963 62776 44964 65676 52388 45670 36801 47675 23320 48364 41842 57223 52183 67232 50642 52939 26308 66897 45752 48731 45783 59692 68993 39826 61741 61529 48773 47535 40045 65595 65444 44063 53081 52677 51194 48030 60250 42674 51588 44947 47162 35125 66881 48849 41953 55346 41651 51229 55039 33876 53687 52777 49237 63677 35857 37220 34616 55183 54831 47922 56890 58390 57800 
39351 47347 38859 62513 45114 65514 51851 45634 40966 47766 23342 47888 41571 57171 52582 67086 51068 53161 25943 67178 45266 48890 45744 60079 68973 39943 61877 61094 48569 47976 40591 62394 64723 44287 53321 52093 51044 48532 60410 42924 51617 45534 47056 35577 65838 48752 41327 55168 42129 53661 54476 33971 53805 52887 49594 62253 35601 37195 34323 55222 54699 47797 56937 58342 55604 
39116 47938 39877 63050 45305 68083 52508 46264 36954 48266 23372 48213 42837 58028 52856 67778 51015 53340 31789 69794 47852 49404 46292 62338 69835 40019 64831 61176 48739 48009 40733 62720 65570 44964 53534 53229 51687 48618 60712 43307 52481 46402 47139 36184 66305 49214 41820 55514 42525 44699 55322 34353 54318 53411 49766 63332 36234 37713 34969 55231 54598 48359 57750 58713 23696 
38295 47687 39906 62886 45221 67978 52002 45864 37590 48343 23509 48130 42285 57697 53015 68038 50783 53363 29489 69977 48993 49451 46071 62230 69715 40049 64882 61399 48966 47897 40536 62401 65608 44549 53380 53103 51695 49047 60475 43437 51890 46178 47279 35658 66772 48902 42029 55395 42402 44514 55127 34303 54582 53026 49865 62960 36005 37991 35116 55292 54634 48550 57223 58972 29393 
38735 47413 39285 63380 45492 66876 52023 46022 37227 48363 23548 48477 42228 57829 52954 67835 51250 52971 27671 68860 49877 49320 46341 61264 69792 39607 63971 61531 49132 47664 40730 62456 65526 44957 52707 52735 52636 48997 60162 42782 52191 47125 47653 36019 66790 48855 41913 55623 42091 44296 55037 34470 55059 53370 49574 63210 35874 37812 34931 55648 54754 47973 57746 58313 33047 
38332 47534 39393 62767 45392 66284 52051 45678 37172 48234 23277 48098 42019 57397 53421 67508 50746 52947 26672 67395 47314 49166 46140 60383 69212 40319 62625 61228 48476 47836 40211 62529 65364 44486 53355 52951 54079 48767 60322 42869 52243 47165 47404 35313 66285 48792 41801 55577 42208 44315 55065 34520 58126 52892 50085 63584 35923 37567 35287 55710 54530 48541 57373 58407 41338 
38254 47185 39121 61873 44764 64796 52113 45473 36917 47896 23161 47119 41010 57081 50625 66218 50515 52990 25412 66567 44837 48772 44065 59302 68478 39492 61315 60886 48405 47212 40500 61800 65273 44104 52700 51860 47919 47622 59729 42747 50901 44027 47007 35371 65513 48733 41705 53977 41862 43984 54910 33630 72494 52738 49946 62975 35415 37573 32597 55358 54653 47090 56750 58245 76438 
38286 47437 39150 61309 45030 65195 51610 45732 36979 47975 23008 46035 41455 56625 50642 66762 50619 52802 25948 66523 45021 48654 71135 59519 68832 39479 61825 61417 48568 47588 39851 61546 64524 44146 52880 51403 48696 47465 59627 42702 50480 44748 46705 35025 65865 48346 41438 54153 41599 43858 55182 33180 51180 52414 49609 62539 35931 37132 33172 54870 54663 47218 57196 58208 71289 
38307 47557 39528 63432 45195 65908 51727 45558 37085 48191 23095 57146 41684 57418 52191 66845 50910 52889 25883 66869 45449 48707 48706 59943 69197 39794 61960 61365 48755 47891 40071 61831 65239 44325 53094 52643 50870 48194 60334 42758 51797 45275 46899 35323 65832 48833 41704 54816 41974 43902 55260 34520 53614 52428 49622 62893 35665 37583 35059 55101 54722 47534 56787 58622 55691 
38138 47129 38982 71540 44262 65170 51972 45862 36572 47762 22984 48197 41215 56903 51860 67091 51148 53313 25954 67115 45513 48057 44889 59682 69114 39550 61824 61589 48476 47695 39995 59433 70244 43370 53150 51936 50634 48204 60163 43056 51230 44856 46633 35026 65262 48707 41600 54371 41709 43460 54944 34255 53572 52598 49504 62182 35864 37496 33969 55076 54491 47712 57014 58330 70396 
38099 47290 39189 61849 44658 65699 52595 45484 36887 48248 23216 47786 42022 57062 52022 67414 50696 52823 26020 67007 45334 48749 45362 59900 68804 39574 61779 61446 49041 47555 40083 68932 71183 44211 52912 52270 50806 48277 60104 42456 51638 45068 47369 35158 65985 48842 41711 55042 41667 45000 55295 34265 53455 52933 49868 62528 35631 37023 34282 55103 54292 47541 57037 58298 60125 
38729 47350 39303 62821 45625 65495 52325 45346 39028 48139 23272 48223 41554 57602 52512 67321 51143 53297 26251 66662 45221 48598 45911 60310 69364 39723 62046 61214 49335 47785 40219 63247 65694 44942 53281 52397 50798 48795 60351 42674 52110 45383 54226 35351 66384 49215 41644 54989 42257 45973 55342 34486 53421 52981 49611 63699 35827 37557 34591 55052 54363 48062 57129 58256 48188 
38514 47503 39489 62741 45604 65643 52310 45892 37209 48331 23245 47889 42278 57750 52022 67520 50992 53476 44688 68171 45959 48901 45923 60932 69600 39876 62685 61411 48972 47856 40142 62610 65481 44223 53154 52775 51404 48392 60760 43151 51943 45421 47484 35840 66904 48887 41735 55424 42109 44299 55286 34416 53597 52421 49952 62956 35808 37507 34608 55479 54979 48259 57389 58565 33258 
38785 47949 39671 62522 45532 66041 51969 45991 37013 48132 23444 48052 41959 57571 52285 67384 50862 53759 33033 75526 46225 49030 45800 64529 68970 39779 62419 61434 49456 48012 40403 62023 65392 44763 52557 52776 51449 48902 60258 43034 52398 45295 47521 35716 66788 48770 41809 55414 41830 44300 55209 34128 53718 52921 50364 63006 35799 37898 34917 55422 54271 48156 57487 58713 33459 
38744 47633 39648 62954 45507 66617 52313 46137 37236 48549 23379 48372 42528 57720 52997 67492 50699 53610 28712 71452 46700 48844 46167 64145 70018 39794 63010 61681 48683 47572 40322 62492 65623 44802 53478 52823 53121 49335 60637 42823 52213 46601 47335 35770 66992 49420 41596 55538 42216 44853 55163 34389 55104 53734 50089 63150 36093 37412 35310 55972 54399 48305 57714 59070 27193 
38644 48175 39485 63102 45452 66018 52446 45717 37419 48400 23366 48483 42116 58128 53372 68073 51231 53147 27305 68085 46382 48781 46507 61673 69076 40285 62691 61438 48858 47989 40488 62060 66030 44711 53273 53139 57020 48607 60046 43108 52113 46402 47255 35732 66673 49172 41644 55812 41997 44685 55414 34744 55990 52710 49815 63191 35358 37825 36437 55540 54766 48231 57331 58255 32582 
37972 47337 39106 62374 44909 65457 51818 45531 37080 48141 23209 47664 42204 57450 51817 67652 50945 53399 26329 67346 45690 49002 45591 59877 69357 39872 61801 61277 48959 47656 40417 62167 64995 44489 53391 51795 63072 48411 60029 43147 51811 44729 47365 35381 66324 48822 41467 55109 41932 44222 54965 34197 52773 53157 50124 63351 35840 37423 39385 55225 54455 47461 56789 58489 50469 
38274 47398 39266 61795 44436 65087 51741 45407 37016 47804 22950 46910 41303 56940 51493 66975 50859 53078 25808 66575 45282 48588 44199 59353 69176 39686 61841 61067 48683 47872 39949 61631 64723 43924 53400 51435 47239 48026 60105 42677 51133 44501 46790 35079 65922 49059 41550 54661 42187 44084 55002 33229 50749 52922 49222 62897 35873 37334 62239 55043 53777 47002 56877 58118 64779 
38547 47733 39276 63371 45711 65597 51904 46049 36913 48672 23378 49799 41825 57554 52492 67603 50817 53233 26260 66870 45866 48998 47299 59891 69538 39820 61847 61106 48962 47645 40525 62441 65642 44731 53412 52990 51617 48858 60333 42709 52065 45237 47491 35658 66281 48396 41629 55568 42385 44207 55171 39613 53615 52582 49304 63164 35846 37579 38845 55258 54542 48023 57287 58427 43993 
38262 47352 38932 62788 44902 65509 52207 45732 36825 48192 22974 47873 41508 57713 52029 67926 50606 52857 26036 66824 45283 48997 45548 59998 69354 39630 61936 60833 48347 47528 40130 61372 65727 43284 52926 52485 50877 48372 60581 43103 51877 44827 46945 35324 66287 48676 41888 55114 42267 43941 54937 49984 53156 53041 49552 62839 35926 37724 34381 55002 54321 47362 56671 57935 56665 
38054 47011 38668 62681 51537 65894 52374 45678 37207 47954 23067 47731 41826 57352 52464 67521 50886 53045 26241 66887 45303 48790 45521 59828 69252 39898 62078 61253 48875 47847 40201 62626 66259 46634 52380 52741 51382 48769 60092 42871 51772 44853 47438 35463 66516 48838 41717 55135 42096 44204 55125 35724 53135 52712 49747 62768 36188 37372 34518 55309 54605 47751 57291 58344 54701 
37588 47186 38905 61803 44611 65192 52298 46070 36643 47709 22993 48071 41704 57552 52353 67528 51004 53152 26108 66597 45736 48925 45019 59767 68994 39820 61845 61233 48584 47861 40229 61341 64627 46192 53355 52329 51043 48634 60377 42630 51451 45252 58290 35808 66544 48785 41562 55351 41761 44030 55267 33681 53500 52657 49485 62288 35753 37418 33865 54908 54328 47877 57516 58471 60544 
