45696 51814 43488 53906 45848 53390 51427 49691 45297 49303 39521 52346 50069 54590 53068 56094 50511 52860 42143 50546 51133 49364 51366 49381 56638 47214 52717 50473 51335 46089 49501 53441 53774 45870 50542 53077 49990 52355 52225 46545 53680 52092 46157 46422 55377 45831 47280 53863 47966 49812 50161 45402 51236 53360 49640 54905 46623 45461 46133 51857 50919 53090 53852 52064 42179 
45757 51561 43321 54652 45995 53330 51351 49412 45200 49345 39110 52195 50078 54556 53142 56155 50764 53220 42183 49839 51087 49219 51348 49235 56768 47122 52500 51183 51418 46571 49526 53253 53843 45636 50509 53357 49733 53163 52521 46611 53793 51692 46177 46202 55267 45911 47291 53970 48409 49524 50037 45531 50499 53584 49810 54111 45240 45445 46010 51628 50685 52983 54270 51945 44217 
45716 51717 43487 54501 46063 53113 51619 49558 44930 49375 38934 52086 50228 54454 53422 56347 50989 53207 42451 50178 50847 49300 50847 49065 56970 47560 52546 50213 51057 46152 49113 53788 53936 45487 50518 53150 49542 53075 52743 46862 53131 51369 45984 46298 55577 46011 47676 54274 48958 49756 50049 45428 51171 53260 49929 54637 44050 45608 45976 51957 50727 52955 53932 52364 43777 
45490 51527 43305 54450 45825 53416 51205 49818 44777 49960 39269 52149 50449 54694 53077 56041 50513 53424 42067 50097 50854 49660 50630 48665 56211 48170 52686 49897 51440 46085 49834 53607 53896 45822 50670 53244 49911 52543 52262 46982 53578 51522 46423 46472 55881 45969 47950 53857 48121 49673 49454 45350 50831 53063 50059 54502 44026 45829 46112 51953 50756 53281 54345 52510 43861 
45931 51970 43396 54592 46065 53363 50531 50124 44889 49757 39218 51678 50205 54085 53138 55912 50762 52889 42052 49861 51023 50200 50581 48862 56497 47994 52879 49556 51526 46752 49384 53486 54213 45205 50547 53324 49733 52791 52573 47040 53356 52126 45966 46229 55808 46245 48995 53786 47572 49598 49716 45232 50940 53058 50356 54442 43865 45569 45838 52160 50610 53338 54271 52372 43968 
45553 51765 42853 54257 45867 53252 50343 49954 44622 50123 39518 52140 50044 54153 53490 56180 50624 53109 42493 50241 51470 49294 50694 48566 56283 47299 52878 49200 51615 46934 49478 53996 54112 45220 50225 53521 49723 52569 52427 47204 53875 51789 46189 46185 55686 46187 48743 53993 47153 49257 49764 45622 51344 53326 50498 54831 44061 45753 46113 52092 50593 53054 54486 52071 44046 
45953 51996 43425 54350 46458 53152 50324 50364 44664 50179 39681 52203 50344 54275 52579 56062 51095 52818 42189 50360 51089 49173 50528 48889 56367 47219 52618 48953 51386 47301 48995 53697 54235 45605 50638 53114 49806 53200 52466 46988 53602 51442 45874 45966 55568 47091 47983 54138 47189 49722 49583 45355 51322 53195 50481 54780 43722 46214 45872 51879 51055 52789 53798 51841 44801 
45288 51267 43315 53901 45725 53198 50363 49451 44704 49677 39489 51969 49548 54533 52573 56359 50312 52915 42317 50101 51149 49801 50780 48827 56389 46637 52600 49229 51102 52357 48606 53405 54026 45047 49987 52752 49613 53014 51877 47373 53312 51332 46074 46027 55726 47236 47441 53589 46909 49704 49475 45410 50625 52866 49947 54292 43575 45537 45916 52111 50706 52710 53861 52592 51451 
45551 52091 43127 54254 45908 52865 50900 49455 45279 49783 40274 52005 50026 54179 53145 56058 50675 53022 42339 50271 50918 49112 50517 48861 55990 46510 52425 49257 51789 47355 49349 53924 54084 45663 49897 53295 49117 52615 52396 47562 53503 51619 45725 46111 55374 50231 47363 54025 47438 49789 49367 45490 50777 52981 49903 54703 43620 45289 46195 51931 50817 52747 53734 52114 47311 
45207 51164 43215 54106 45904 52966 50678 49162 44971 49826 46423 51641 50144 53924 53283 55961 50398 53055 42139 49833 51308 49220 50761 48651 56464 46536 52578 49426 51454 46531 49248 53332 53799 45468 50593 52982 49422 52693 52596 46881 53660 51677 46321 46416 55576 46474 47198 53821 47503 49573 49248 45648 50789 53133 49642 54500 43527 45263 45698 52073 50895 53025 54159 52092 48146 
45457 51115 43021 53771 46471 53607 50731 49038 44900 49197 39184 52221 50393 54455 53325 56196 50798 53065 42532 50103 50590 49251 50826 48988 56607 46725 52886 50396 51829 46140 49525 53456 53784 45627 50649 53426 49574 52743 52906 46801 53271 51460 46156 46840 55368 45879 47168 53602 47795 49266 50714 44993 51326 53118 49747 54504 45873 45384 45959 52303 50917 52906 54454 52042 46646 
45236 51279 43265 54100 45682 52910 51272 49152 44878 49431 39113 51837 49926 54210 52810 55974 50915 53182 42026 50286 50828 49074 50722 48796 56645 46846 52195 52834 51676 45749 48839 53823 53788 45396 50409 53206 49608 52555 52578 46821 53595 51273 45740 46052 54717 45388 46794 53451 48818 49650 50585 45146 51482 53472 49674 54594 44088 45422 45706 51734 50286 52716 54457 51915 53373 
45606 51461 43039 53569 46110 53511 51255 49460 45025 49382 39136 51518 50361 54271 53110 56118 51002 53358 42142 49941 50664 49126 51074 48822 56608 47211 52547 50039 51370 45911 49672 53811 53529 45459 50347 53105 49404 52512 52474 46716 53093 51616 46017 46059 55406 45588 47125 53929 51255 49136 49664 45706 51085 53106 49784 54498 43748 45381 45668 51506 50859 52631 54269 52328 50767 
45323 51504 43308 54196 46106 52804 50682 49754 44808 49550 38905 51606 50254 53844 53190 56289 50883 52794 42162 50048 50668 49546 50730 48690 56576 51020 52713 49623 50893 46103 49421 53753 53585 45236 50474 53321 49686 53088 52297 46948 53389 51476 46114 46175 55375 45827 47824 53700 47913 49431 49314 45235 50933 53560 50010 54785 43724 45580 45787 51551 50828 53115 54189 51707 50077 
44983 51695 43661 54228 46200 53385 50557 49573 44675 49516 39222 51794 50343 54296 53082 55953 50644 52826 42124 50205 50530 49214 50131 48364 56419 48475 52784 48856 51316 45996 48959 53770 53564 45632 50142 53411 49490 52669 52028 46919 53115 51876 45930 46046 55496 46018 52374 53980 47124 49282 49247 45258 51194 52950 49982 54131 43367 45237 45868 51683 50675 53127 53658 52373 52378 
45271 51560 43094 54254 46196 53237 50542 50284 44778 50034 39055 51982 49895 54291 53069 56131 50359 52712 42118 49868 50993 49480 50809 48478 56725 46960 52588 49377 51301 46349 49421 53548 54221 45582 50139 53071 49611 52970 52375 46960 53864 51791 46032 45719 55712 45706 49094 54028 47697 49881 49330 45368 50961 53325 50798 54516 43686 45693 45890 51714 50916 52977 54002 52032 49580 
45414 51802 43333 54095 45978 52811 50638 49948 45069 51343 39349 51868 50042 53937 53136 56178 50488 52881 41879 50320 50834 49592 50680 48912 56322 46779 52711 49154 51395 46834 48854 53759 53987 45034 49888 53608 49450 52342 52435 47177 53209 52472 46152 45931 55212 46176 47419 53811 47087 49892 49211 45614 50708 53503 51887 54399 43431 45703 45885 51875 50537 53119 54108 52400 50003 
45432 51502 43530 54088 45768 53260 50599 49288 45023 51439 39725 51635 50037 54413 53113 55876 50659 53358 42222 50446 51067 49471 50566 48966 56594 46627 52437 49070 51472 47583 48851 53498 53661 45712 50578 53056 49790 52536 52320 47416 52729 51620 46296 46142 55481 46751 47690 53595 46867 49547 48651 45472 50936 53068 50528 54388 43600 45648 45795 52265 51291 52587 53875 51766 50728 
45680 52055 43447 53971 46056 52860 50218 48964 45198 49757 39760 52259 49706 54179 53495 56190 50281 53210 42349 50041 51009 49647 51040 49092 56167 46626 52425 49205 51441 46898 49175 53751 53711 45632 51341 53190 49456 53040 52421 47716 53181 51865 45800 46035 55676 47303 47717 54144 47288 49217 48960 45476 50748 53443 50227 54709 43125 45350 46016 52295 51997 52650 54073 51854 48192 
45594 51814 43446 54594 46354 53573 50644 49855 45332 49718 40918 51984 50254 54421 53318 55700 50144 52989 42174 50197 50648 49664 50495 48622 56544 46552 52690 48974 51510 46944 48728 53925 53770 45390 50537 53113 49512 52983 52208 48834 53502 51414 46389 45952 55910 46581 47544 54172 47259 49511 49137 45981 51080 53605 49450 54343 43266 45963 45988 52200 51305 52939 54047 52233 45563 
45413 51565 43393 53828 46300 53401 51058 49377 45084 48947 38993 51818 50332 53889 52863 56466 51533 53057 42387 50390 51044 49284 50785 48599 56951 46901 52798 50230 51409 46309 49162 53658 53923 45597 50480 53447 49505 52938 52627 46593 53714 51731 46364 47142 55368 45889 47077 53995 47709 49517 50947 45438 50892 53378 50171 54270 43772 45539 45968 51921 50470 52808 54404 52432 46750 
45301 51336 43294 53902 45889 53225 51980 49198 44863 49182 39176 52236 50161 54410 52777 56288 53378 52981 42385 50091 50736 49189 50417 48426 56256 46416 52519 49824 51486 46251 49491 53769 53569 45456 50298 53254 49424 52835 52633 46963 52799 51265 46116 45912 55496 45626 46974 53627 47406 49712 50664 45611 51183 52733 49482 54456 43942 45508 45236 51456 50376 52878 53738 52124 54415 
44966 51227 43102 54137 46214 52941 52349 49199 44903 49561 39200 51955 49741 54403 53088 55943 51185 52969 41982 50257 51427 49428 50305 48926 56414 46856 52177 49562 51254 46283 50364 53590 53731 44765 50080 53186 49456 52700 52711 46658 53392 51543 46129 46169 55332 45653 47204 54177 48166 49494 49794 45360 51281 53326 49426 54113 43689 45652 45495 51646 51044 53400 54178 52502 52640 
45364 51784 43380 53979 45841 53541 51069 49446 45007 49005 39061 51791 50015 54097 53155 55518 50517 52932 42329 50137 51344 49167 50682 48587 56216 48172 52728 49662 51657 46198 51077 53935 54053 45295 50245 53217 49382 52848 52552 46618 53797 51365 46157 46061 55762 46142 47800 53642 47802 49540 49298 45169 50944 53156 49848 54538 43728 45467 45748 52077 50782 52826 54364 52143 50241 
45169 51852 43065 53988 46104 53567 50875 50093 45105 49372 39502 51896 49851 54304 53162 56026 50581 53193 42399 50385 50961 49429 50555 48868 56581 47873 52184 49488 51582 46154 49543 53428 54190 45477 50100 53585 49564 52970 52285 46858 53393 51603 46041 45909 55489 45862 48521 53492 47384 49186 49314 45439 51151 53638 49931 54708 43688 45421 45727 51972 50704 52908 53995 52118 50242 
45706 51514 43275 54582 45951 52978 50605 53345 44386 49943 39104 51761 49933 54242 53284 55916 50458 53114 42134 50295 50931 49117 50081 48824 56174 46639 52770 49580 51578 46044 49048 53661 53935 45218 50346 53537 49951 52743 52458 46418 52872 51733 45945 46020 55337 46224 47993 54024 47283 49406 49207 45101 50902 53240 50514 54138 43102 45417 45932 51828 50440 52597 54071 51931 53164 
45278 52002 43091 53919 45858 52801 50349 50773 44262 50886 38915 51972 49980 54362 53130 56240 50394 52926 41953 50375 50946 49276 50594 48750 56192 46755 52468 49123 51443 45934 49452 53768 53731 45542 50354 53317 49572 52578 52230 47095 53597 51659 46388 46344 55420 45338 46995 53816 46937 49363 49003 44932 50705 53245 52262 54345 43296 45286 45885 52180 50926 53455 54043 52252 53742 
45269 51613 42969 53976 45888 52960 50696 49298 44791 51132 39423 52107 49997 54380 52844 55369 50273 52997 42579 49766 50936 49365 50803 48895 55845 46494 52525 49100 51398 46125 48666 53465 53687 45388 50610 53468 49553 52631 52028 46876 53624 51834 46109 45761 55545 46077 47628 53826 47135 49768 49289 45486 50911 52927 50416 54645 43150 45868 45683 53282 52091 52661 54336 51729 54034 
45582 51046 43097 53839 45906 52883 50250 48940 45003 49699 39366 51718 50109 54059 52870 56019 50459 52808 42198 50113 50941 49350 50224 48878 56642 46869 52060 48740 51422 46047 49006 53587 54062 45523 51495 53057 49601 52731 52169 48249 53524 51661 46466 46222 55417 46026 47005 53618 46898 49444 49411 45920 50919 52918 50020 54466 43214 45773 45836 52264 53646 52611 53949 51730 54425 
45546 51755 43414 53955 45858 53047 50140 49280 44935 49417 39568 51770 50150 54443 52955 56018 50383 53176 42079 50322 50837 49766 50409 49030 56069 46824 52531 49334 51789 46124 49159 53462 53833 45452 51448 53523 49321 52998 52559 49993 53509 51723 45881 46516 55615 46304 47008 53721 47095 49431 49243 45493 51046 52889 49546 54443 43449 46046 45919 52084 51303 53100 54325 52245 49394 
45776 51711 43095 54195 45817 53132 50526 49496 45375 49208 39043 51947 50328 54497 53476 56260 51463 52770 42264 50150 50857 49142 50266 49116 56335 46727 52724 49446 51352 46197 49399 53282 54007 45191 50243 53226 49615 52965 53303 46956 53645 51323 46215 49177 55216 45534 47468 54043 47487 49399 49365 45107 50874 53469 49330 54138 44009 45948 45698 51763 50737 52753 54025 52907 49492 
45605 51806 43212 53693 45781 53092 50622 48967 45061 49150 39028 51405 49998 53715 52733 56265 51238 53049 42005 50053 50823 49068 50578 48422 56111 46880 52725 49317 50889 45970 49008 53285 53709 44802 50404 53328 49223 52405 57860 46563 53445 51585 46141 46427 55837 45552 46847 53870 47073 49397 49060 45395 50597 52956 49241 54444 43649 45005 45776 51587 50438 52956 53583 53654 57637 
45182 51230 42866 53730 46023 53535 51314 49281 45048 49586 38852 51756 50294 54168 52865 56321 51031 52661 42081 50009 50893 49281 50905 48788 56611 47091 53008 49139 51146 45892 50715 53305 54588 45484 50334 53167 49734 52439 53186 46719 53810 51736 45795 46282 55374 45700 46882 53928 46987 50045 49358 45478 51404 53408 49729 54132 43940 45653 46025 51582 50540 52785 54518 52595 52056 
45215 51317 43150 54278 46073 53254 51131 49272 44757 49372 39406 52127 49689 54642 53004 56483 50964 53194 42268 49935 50904 49410 50616 48729 56714 46935 52773 48982 51407 45785 50733 53869 53650 45628 50807 53102 50159 52604 52466 47199 52909 51510 46537 46368 55299 45675 47379 53914 47400 49585 49117 45613 50798 53582 49826 54314 43481 45667 45841 51930 50419 52854 54401 52321 51257 
45578 52228 43018 54249 46228 53154 50655 49680 44817 49740 39411 52259 50138 54682 52765 56342 50900 52647 41858 49945 51131 49456 50486 48978 56753 47214 52558 49412 50919 46163 49723 53659 53723 45622 50558 53810 49480 52732 52237 47067 53666 52150 46002 46004 55284 45615 47904 54048 47553 49797 49064 44884 50958 53582 49983 54548 43584 45615 45808 51492 50785 53207 54668 52325 49499 
45256 52203 43453 54315 45788 53461 50465 50256 45166 49783 38970 52272 49890 54227 53310 56424 50668 53403 42033 50360 51435 49323 50500 48739 56363 46856 52292 49590 51611 46258 49137 53516 54032 45160 50141 53142 49461 52995 52251 47121 53654 52049 46241 45968 55843 45502 47583 54185 47284 49452 49494 45360 51089 53180 50296 54281 43480 45503 45281 52110 50795 53328 54255 52101 50060 
45427 52807 42785 54399 45602 53272 50496 50116 44910 50111 39449 52021 49581 54435 53133 55971 50297 53072 42410 50071 50734 49454 50588 48688 56040 46978 52552 49047 51691 46002 49078 53718 53542 45459 50541 53428 49724 52908 52198 46908 53112 52147 46570 46399 55705 45936 47214 54007 47276 49354 49050 45204 51119 52854 50062 54506 43464 45254 45714 52484 51156 52924 54191 52713 51942 
45583 52669 43147 54257 46277 53364 50308 49135 44773 50016 39054 51809 49965 53927 53093 55902 50329 53255 42049 50214 51311 49570 50045 48611 56168 46643 52281 49116 51837 45796 49195 53883 53875 45106 50716 53793 48804 52795 52315 47353 53287 51344 45985 46193 55565 46007 47073 53567 47262 49512 49132 45172 50951 53302 49961 54541 42969 45811 45700 54066 51380 52812 54248 51854 53967 
45479 52020 42950 53377 46222 53319 50702 49254 44772 49563 38937 51900 49485 54405 52982 55926 50336 52930 41959 50010 50674 50306 50779 49244 56513 46445 52249 49038 52040 46008 48670 53550 54107 45162 52759 53193 49364 52570 52185 47668 53120 51199 46207 45988 55724 45674 47253 53465 47042 49504 49266 45595 50893 52935 49685 54734 43625 45653 45851 52504 51605 52875 54012 52175 54364 
45353 51778 43138 53908 46149 53224 50248 49247 45184 49100 39449 51783 50031 54732 52835 56213 50486 52788 42407 49897 50698 50588 50718 48711 56442 46856 52473 49228 52088 46240 49184 53657 53718 45569 52146 53676 49540 52738 52196 47730 53582 52028 46196 46003 55700 46098 46910 53830 47070 49676 49174 45583 51107 53230 49770 54435 43264 46724 45855 52137 50424 53169 54081 51944 49864 
45364 51297 42876 54028 46039 53454 50977 49110 44898 49788 39008 51962 50551 54182 53093 56471 50914 52871 42113 50700 51325 49169 50829 49525 56562 46813 52586 49693 51269 46224 49061 53117 54183 45141 50265 53520 49858 52733 52680 46777 53103 51549 46371 48873 55196 45735 47421 53820 46988 49666 49661 45606 50989 53950 49162 54688 43840 45399 45810 51733 50434 52895 54682 53313 48090 
45440 51781 43168 54028 46071 53290 50369 48550 44755 49557 38936 51876 51298 54562 52819 56345 50475 52974 42193 50656 50996 48896 50706 48890 56763 46976 52961 49092 51475 45990 49099 53677 53488 45606 50012 53120 48972 52414 52935 46796 53311 51656 46060 46594 55354 45476 46959 53752 47203 49476 49274 45640 50774 54355 49636 54484 43395 45397 45808 51568 50565 53017 54628 53906 53705 
45251 51843 42862 54214 46128 53182 50419 49149 44837 49473 39158 51670 50173 54163 52953 56454 50548 53025 42196 49947 51067 49042 50757 48706 56814 46679 52403 48975 50949 46096 49218 53176 53945 44977 50206 52925 49466 52614 52769 46098 53436 51640 45719 46099 55787 45697 47003 53849 47049 49301 48969 45666 50965 56334 49893 54405 43514 45447 45736 51726 50678 52887 55160 52401 56112 
45523 51910 43158 53903 45766 53499 51001 49487 44920 49551 39169 51658 49900 54322 53277 56773 50657 53200 42471 49717 50818 49062 50457 48410 57269 47066 52509 49250 51236 45902 49996 53383 53990 45286 50181 53471 49787 52942 52288 46579 53224 51905 46267 46406 55317 45898 47339 53768 47283 49422 49187 45798 51141 53339 49679 54325 43384 45515 46117 52051 50171 53824 54594 52625 51677 
45177 52178 43434 54264 45912 53559 50519 49635 44737 49808 39688 51902 50006 54450 53306 56786 50258 52901 42279 50535 51028 49061 50702 48769 56899 46971 52447 49569 51252 46011 49324 53593 54254 45381 50269 53125 49420 53426 52356 46800 53194 51553 46460 46243 55390 45470 47485 54154 47142 49500 49112 45742 50759 53524 49842 54050 43651 45555 45808 51712 50570 53834 54428 51979 50852 
45758 52143 43498 54086 45927 53278 50380 49472 44865 49550 39142 51911 50386 54318 52925 56341 50649 53291 42413 49895 50706 49806 50802 48832 56107 46807 52078 49501 51404 46157 49186 54021 54232 45099 50231 53710 49866 53110 52271 46501 53738 51701 45883 46081 55664 45773 46998 53862 47530 50030 49236 45299 51529 53389 50101 54401 43520 46195 45657 51729 50694 53047 54189 52515 50584 
45366 54315 43440 54514 46029 53160 49778 49536 44935 49131 39116 51831 49868 54505 53614 56174 50011 53728 42213 49789 50723 49463 50072 48754 56228 46782 52638 49447 51893 46023 48996 53593 53806 45475 50197 53604 49727 52800 52023 46766 53588 51548 46297 45915 55230 45952 47029 54077 47362 49795 49269 45386 50956 53082 49972 54458 43352 45774 45666 52176 50996 52853 53829 52069 53306 
45817 53268 43054 54137 45989 53061 50475 49350 44506 49303 38750 51643 49703 54328 52674 55825 50229 54098 42208 50020 50673 48965 50413 48898 56228 46462 52755 49386 53143 46098 48828 53744 53904 45574 50188 53365 49475 52668 52340 47035 53526 51545 45906 46223 55648 46008 47160 53303 47022 49882 49589 45366 50802 52916 49650 54342 43189 45686 45655 52107 50815 53125 54318 51784 55853 
45558 51855 43210 53907 45828 53190 50543 49216 45051 50056 39446 51614 49863 54620 52811 55875 50323 53270 42215 50581 50587 50505 50564 48931 56652 46630 52720 48779 53500 46026 49144 53311 53846 45211 51059 53164 49670 52408 51974 46852 53402 51624 46327 45762 55539 45565 47087 53910 47185 49744 49277 45626 51216 53231 49653 54332 43221 46025 45597 52056 50871 52451 54204 51983 53547 
45588 51863 42934 54381 46002 53535 50317 49613 44722 49208 39522 51783 49691 54772 53429 55891 50447 52931 42364 50212 51182 51446 50768 48963 56252 46574 52258 49421 51743 45775 49314 53197 53673 45573 50282 53751 49541 52548 52288 46836 53299 51642 46706 46073 55448 45712 47234 53744 47088 49967 49096 45056 51154 52976 49501 54344 43176 48344 46057 51841 50130 52727 54221 52151 51723 
45649 51909 43374 54203 46227 53504 50835 49475 44825 49367 39125 52108 51478 54146 53157 56459 50660 53184 42534 50503 51494 49523 51016 49204 56634 46857 53514 49047 51405 45879 49093 53926 54003 45536 50324 53504 49367 52584 52415 46743 53179 52047 46027 47018 55591 45623 47297 53699 47287 49852 49103 45526 51061 53702 49664 54353 43645 46064 45891 52227 50791 52711 54517 52699 45636 
45408 50958 43306 54570 45656 53394 50239 49334 44522 49458 38822 51822 55951 54033 52472 56236 50736 52565 42273 50304 50840 49426 50068 48636 56496 46360 52603 48895 51553 46117 49015 53455 53857 45481 50691 53034 49729 52502 52120 46490 53207 51315 45714 46004 55504 45794 47461 53616 46732 49802 48809 45496 51142 53234 49551 54502 43266 45445 45821 51808 50478 53223 54701 51866 56082 
45384 51239 43154 53851 45711 52791 50299 49083 44238 49039 38860 52055 49794 53928 52625 57873 50087 52939 41991 50106 50191 49550 50946 48809 62790 46553 52304 48921 50962 45745 48289 53354 53935 45353 49977 52880 49382 52390 51708 46521 53267 51933 46150 45721 54898 45699 46779 53597 47199 49207 48899 45052 50588 52988 49594 54511 42804 45564 45574 51288 50646 52614 54779 51901 63141 
45456 51453 42962 53679 45759 52976 50775 48959 44793 49352 39074 51722 49979 54076 53506 57006 50320 52855 42210 50359 51235 48695 50650 48933 57035 46852 52279 49319 51389 46100 49058 53567 53691 44908 50011 53398 49590 52667 52305 46600 53151 51684 46222 46019 55192 45723 47246 54399 47065 49417 49075 45536 50822 53060 49570 54044 43394 45193 46353 51897 50855 55947 54091 52243 56249 
45419 51751 43228 54027 45885 53004 50722 49171 44926 49515 39218 51920 49715 54094 53070 56497 50140 52725 41893 50212 51386 48938 50969 48776 56647 46840 52742 49544 51650 46093 48769 53687 53703 45082 50408 53638 49368 53509 52056 46783 53875 51810 46420 46117 55674 45883 47056 54841 46991 49821 49256 45272 51304 53161 49880 54452 43217 45696 45615 52069 50903 53948 54023 52039 52957 
45980 52357 43248 53987 46007 53587 50424 49316 44672 49695 38841 52268 49985 54229 53041 56083 50306 53168 42874 49829 50820 48968 50769 48875 56122 46754 52879 48998 51254 46018 49329 53720 54198 45028 50553 53633 49562 54424 52238 46669 53792 51490 46118 46315 55250 45764 47136 54129 46933 49991 49243 45563 51060 53084 49637 54819 43172 45279 46463 51625 50641 52963 53823 51884 53118 
45855 52254 43166 54233 45850 53432 50190 49272 44974 49889 38894 52026 50141 54818 52931 55838 50275 54057 42317 50239 51078 49659 50822 48598 56130 46163 52475 48884 52394 45775 49282 53772 53927 45570 50491 53580 49596 53563 52276 46831 54125 51604 46262 45777 55683 45614 46717 53709 47371 49264 49263 45581 51120 52981 49934 54525 43055 45633 46247 51580 50561 53091 53764 51539 53483 
45219 51954 43596 54005 45897 52755 50834 49120 44782 48931 39003 52184 50085 56181 53554 56066 50399 55321 42099 50303 50492 49267 50362 48746 56338 46548 52511 49116 52066 45885 48530 53368 53799 45515 50508 53777 49756 52925 51716 46997 53667 51411 46069 45791 55880 45582 46759 53461 46950 49481 49405 45213 50727 52977 49338 54792 43370 45572 45872 51786 50352 52660 54241 51680 56454 
46132 51869 43272 54200 46184 53235 51321 49264 45428 49690 39050 52150 49929 55569 52782 56115 50691 53421 42249 50276 50795 49776 50782 48534 56181 46656 52434 49067 52364 45642 48785 53753 53686 45018 50234 53457 49474 52661 52061 46791 53345 51711 46528 45603 56079 45891 47321 53722 46795 49850 48851 45459 50898 53289 49634 55488 43287 46163 45775 51899 50614 52831 53902 51868 52219 
47090 52157 43240 54013 46153 52913 50408 49493 45365 49155 39514 52078 50103 54582 53083 55745 50368 53302 41853 50100 50939 50124 50541 48802 56186 46645 52617 49172 51794 45969 48934 53728 53931 45620 50415 53287 49390 52837 52489 47148 53732 51712 46460 45892 55481 45910 47073 53591 47252 49870 49517 45606 50909 52761 49537 55110 43631 46927 46350 52174 51133 52762 54177 52284 48866 
45383 51597 43445 54445 45894 54303 50919 49333 44666 49855 39324 51341 50510 54723 54071 56214 50538 52878 42547 50532 51981 49209 50636 49327 57109 46906 53465 49357 51571 46519 48799 53539 53737 45203 50496 53534 49774 52603 52757 47228 53959 51661 46692 46901 55379 45868 47199 53674 47609 49599 49265 45422 50819 53115 49898 54438 43793 45515 45932 51427 50953 53124 54630 52113 44747 
45681 51642 43197 54182 46006 55334 50466 49091 44773 49769 38481 51793 50939 54187 53303 56396 50718 53107 42662 50104 51886 49285 50944 49240 56825 46578 53418 48982 50958 46121 48801 53291 54138 45555 50100 53270 49588 52480 52371 46391 53252 51994 46331 46322 55097 45801 46916 54061 47198 49688 49389 45286 50980 53606 49716 53913 43582 45277 45927 52049 50525 53219 54431 52303 51084 
45459 51412 43102 54250 46177 53938 50544 48824 44634 49488 39158 51992 50772 54229 53510 57025 50317 52873 42306 50128 51994 49179 50540 48483 57242 46571 53167 49424 51004 45873 49029 53793 54061 45130 50051 52988 49442 52693 51964 46478 53392 52487 46009 46233 55648 45409 46626 54015 47052 49803 49122 45654 51524 53318 49517 54264 43394 45436 45872 51593 50709 53301 54388 52092 53898 
45906 51532 43018 53871 45640 53123 50192 49632 44704 49254 39028 51522 50146 54346 53376 56414 50238 52577 42468 50154 51306 48890 50837 48899 56444 46195 52632 49505 51196 46012 48644 53376 54133 45497 50579 53043 49523 52740 52365 46673 53186 53634 45832 45947 55671 45900 47139 54814 46873 49602 49337 45478 51327 53008 49259 54205 43141 45681 45929 51612 50856 53801 54472 51973 55693 
45733 51634 42965 54268 45821 52829 50728 48990 44772 49438 38900 52091 49818 54270 54224 56246 49913 52428 41841 49914 50779 48994 50194 48910 55554 46526 52340 49236 51158 46063 49039 53529 53702 45522 49895 53041 49536 53319 52250 46283 53350 52021 45750 46330 55732 45537 47323 58671 47094 49094 49058 45542 50783 52820 49274 54223 43330 45481 45609 51305 50883 52682 53729 51938 59748 
45174 51275 43056 53957 45620 53342 50553 49198 44701 49099 39075 51948 50249 54475 53313 56129 50286 53023 42044 49449 50995 49424 51152 48282 56326 46732 52443 49334 51420 45847 49116 53765 53849 44904 50289 55687 49613 55409 51687 46623 54232 51583 45959 45501 55301 45833 46943 54347 46830 49501 49035 45401 51210 53190 49458 54534 43388 45391 45622 51710 50659 53269 53979 51795 56466 
45330 51211 42835 53474 45787 53226 50676 48827 44649 49196 38849 51767 49425 54151 52575 55918 50402 52655 41879 50185 50800 49324 50219 48533 56607 46422 52030 49018 50765 45834 49009 53500 53693 45080 49882 53510 49088 52132 51382 46349 64063 51209 45825 45641 55499 45325 47039 53631 47245 48920 48484 45124 51026 52606 49867 54147 43179 45210 45428 51626 50078 52810 53847 51703 64274 
45442 51540 43244 54378 46119 53064 50407 48976 45029 49023 39201 52241 49871 54996 53315 56023 50173 52791 42137 50082 50796 49640 50718 48359 56351 46514 52588 48961 51518 45833 48572 53491 53937 45305 49842 52985 49470 52905 52200 46900 54174 51563 45820 45788 59042 45618 47082 53666 46988 49462 49057 45245 51099 52695 49248 55192 43293 45163 45828 51632 50682 52910 53869 51734 58213 
45799 51328 43427 53883 45852 53023 50548 49025 45360 49614 38908 51941 50019 54459 52909 56135 50370 53321 42579 50533 50932 49264 50330 48468 56268 46596 52754 49252 51532 46136 48607 53618 54457 44966 50200 53059 49679 52514 51957 46949 53163 51433 45897 45782 56472 45402 47180 53839 46882 50157 49214 44921 50915 53141 49182 58184 43189 45805 46116 51815 50266 52656 53844 51701 56273 
47050 51457 43081 54029 46428 53347 50222 49338 45606 49215 39259 51794 49886 54325 52605 55822 50613 53213 42446 50407 50697 49546 50733 48998 56580 46755 52657 49339 51842 46151 48996 53838 54211 45808 50696 53210 49960 52523 52005 46703 53624 51456 46160 45731 55457 46113 47218 53957 47179 51090 48786 45856 51129 53250 49637 54919 43652 45942 45813 51553 50935 53108 53702 51682 50660 
45743 51591 43432 54347 46139 54264 50621 49200 44767 49849 38958 52142 50573 54515 53499 56353 50920 52950 43000 50480 51479 49251 50947 49476 56847 46676 53469 49743 51431 46062 49237 53545 53691 45698 50315 53256 50046 52593 52529 46891 53761 51898 46240 46983 55336 45884 46943 53894 47399 49539 49195 45637 51170 53696 49578 54676 43765 45346 46293 52123 50645 53224 54612 52240 43398 
45515 51423 43257 54278 46208 55802 50401 48851 44846 49378 39162 51723 49920 54204 53133 56533 50258 52727 42762 50359 52301 49316 50965 48812 56602 46909 55403 48906 50798 46018 49094 53554 54062 45349 50247 53119 49647 52813 52625 46690 53260 51831 46219 46150 55289 45751 47307 53530 47455 49820 49784 45506 51081 52907 49241 53949 43249 45411 45876 51884 50589 52933 54201 52173 50634 
45202 51368 43219 53977 45713 53859 50450 49142 44715 49315 38859 52079 50051 54370 53293 56017 50724 53099 42507 50040 54829 49009 50817 48897 56603 46252 53509 49052 51654 45616 48657 53592 53594 45246 49894 53029 49800 52644 52060 46652 53435 52727 46122 46255 55135 45852 47319 54220 46938 49556 49011 45502 50857 52936 49497 54228 43046 45529 45913 51667 50869 53612 53907 51974 54488 
45621 51907 43274 53922 45681 53675 50141 49526 45010 49352 39144 51569 50186 54189 54006 55928 50555 52884 42537 50491 51408 49182 51393 48837 56149 46601 52594 48802 51255 45983 48903 53843 53516 45434 50213 53840 49992 52599 52345 46348 53319 53888 45808 45929 55878 45630 47296 53868 46992 49204 48896 45101 51390 53125 49719 54463 43338 45647 45994 52137 50665 53564 53968 52262 53084 
45432 51235 43393 53915 46165 53435 50264 48860 44564 49496 39252 51656 49878 54115 55503 55863 50294 53047 41977 50440 51125 48886 51040 48798 56408 46740 52856 49202 51464 46141 48672 53870 53736 45348 49992 53801 50129 52479 52081 46809 53735 51829 46290 46034 54993 45638 47322 54175 47114 49931 49260 45325 51701 53097 49974 54262 43648 45735 46067 51855 50294 53130 53965 51710 54555 
45403 51318 43942 54470 46097 53227 50620 49434 44819 49490 38747 51594 50247 54229 53451 55908 50675 53140 42150 50508 51048 49263 51337 48875 56200 46499 52571 49391 51226 46065 48712 53781 53670 45449 49849 54868 50317 52884 52067 46472 53721 51905 46227 46220 55534 45555 46759 54274 47012 49578 48920 45496 51131 53338 49560 54479 43038 45587 45793 51816 51069 52566 54041 51802 54566 
45550 51645 43013 54843 46363 53292 50383 49079 44833 48889 39266 53918 50179 54581 52783 56130 50039 53235 42264 49890 50379 49731 51303 48812 56509 46781 52160 49124 51300 45566 48969 53800 54110 45643 50093 54635 49735 52549 52392 46848 53891 51479 45758 45766 55626 45482 47013 53722 46839 49776 49292 45627 51372 53165 49772 54518 43468 45421 45805 51357 50677 53003 53837 51943 54777 
45472 51335 43021 54894 46015 52868 51081 48931 45173 49037 39219 53100 49840 54720 53170 56356 50457 53347 42209 50002 50658 49230 50853 48879 56300 46517 52484 49200 51212 46038 48530 54675 54513 45386 50463 53572 49377 52130 52128 46517 54166 51556 46349 45926 56122 45654 47185 53662 46690 49674 49232 45496 51091 52822 49387 54533 43028 45805 45990 51700 50790 52677 54311 52677 54568 
45685 51527 43352 54571 46355 53365 50301 49383 45353 49435 38996 51744 50026 54429 52693 56250 50407 52928 42300 50096 50845 49470 50684 48796 56214 46621 52260 48990 51505 46013 48982 55086 54422 45529 50015 53508 49512 52592 52393 46876 53689 51470 46560 45430 55860 45867 46938 53673 46657 51458 49126 45252 51110 53033 49706 54951 43588 45676 45734 51523 50678 52760 54068 51939 53745 
46272 51469 43574 54075 46335 53601 50549 49289 46589 49736 39050 51971 49857 54301 53401 55925 50142 53102 42019 50098 51104 49396 50542 48766 56560 46489 52323 48995 51603 45901 49143 54131 54421 45636 50264 53576 49113 52426 52460 46764 53865 51920 46508 46106 55762 45589 46826 53858 46837 52056 49128 45729 51024 52809 49969 54790 42780 45847 46154 51739 50668 52486 53883 52500 50199 
46030 51364 43496 54640 46311 53974 50517 49477 44769 49516 38946 52134 50337 54434 53600 56260 50572 53120 43779 51434 52146 49390 51338 49806 56383 46871 53739 49055 51419 46349 49374 53536 54307 45299 50188 53736 49909 52797 52598 46987 53645 52128 46448 46279 55426 45980 47313 53917 47210 49673 49493 45732 51099 53443 49807 54385 43378 45731 45946 51597 50801 52688 54367 52130 41447 
45496 51686 43112 54415 45775 54100 50376 48722 45008 49455 39206 52314 50066 54609 53493 56584 50537 53361 43169 51113 51788 49442 50769 49505 56639 46537 53714 49547 51384 45855 49176 53869 54007 45535 50553 53211 49800 52718 52357 47123 53911 51915 46224 47007 55912 45401 47081 54175 47482 49533 49317 45535 51104 53405 49738 54683 43173 45580 46145 52089 50664 53116 53775 52165 44744 
45457 51502 43173 54484 46244 53891 50593 49550 44491 49302 39156 52118 50617 54075 53362 56233 50599 53008 42711 50917 52113 49321 50887 49363 56549 46291 53180 49529 51569 46256 49261 53751 54013 45361 49966 53090 49781 52852 52389 46930 53900 52389 45853 46059 55578 45735 47082 54257 47447 49638 48762 45726 51724 53186 49892 54544 43807 45426 46361 52023 50337 53059 54392 52103 46785 
45844 51647 43371 54080 46127 53420 50409 49404 44798 49512 39320 52014 50114 54136 53504 56040 50482 53316 42323 50218 51235 49594 51047 49516 56430 46709 52385 48980 51536 45831 49063 53917 53884 45076 50175 53718 50987 52971 52120 47279 53554 52255 45930 46068 55191 45870 47016 54061 46897 49516 49276 45677 52839 52935 49433 54738 43210 45551 46080 51703 50274 53538 53935 52592 49329 
45463 51189 43103 54145 46033 52988 50474 49185 44746 48890 38854 51771 50009 54110 53281 55771 50298 53016 42179 50144 50747 49121 50369 49100 56092 46697 52315 49461 51400 46223 49047 53293 53766 45156 50146 52991 51471 52688 52261 46769 53640 51608 45833 45783 55365 45415 46943 54061 47093 49291 49280 45046 56028 52921 49621 54579 43354 45760 46162 51372 50421 53257 53665 52053 56687 
45399 51274 42912 54068 46005 52974 50487 49038 44580 49523 38862 52393 50275 54179 53319 55491 50051 52938 42151 49870 51238 48803 56210 49031 56306 46335 52435 48872 50766 46528 48895 53534 54415 45296 50112 53243 49987 52853 52097 46673 53155 51527 46239 45661 55940 45677 46895 53672 46693 49609 48816 45728 51275 53364 49970 54231 43200 45169 46597 51363 50199 53079 53856 52516 56151 
45623 51936 43060 55177 45927 53434 50361 49151 45111 48920 38828 54412 50085 54052 52674 55874 50639 53129 42056 49850 51085 48890 51856 48572 56511 46673 52759 49106 51339 45739 48795 54089 54577 45985 50403 53559 49554 52502 52185 46670 53806 51543 46473 45974 55552 46063 46834 53646 47171 49809 48810 45864 51198 52864 49690 54701 43507 45568 46575 51747 50715 52550 53801 51528 52863 
45664 51333 43077 56968 46042 52868 50587 49348 44660 49603 39222 52228 49406 54056 53116 56155 50298 52698 41922 50212 50891 49118 50807 48996 56337 46569 52330 48767 51342 46090 48879 54262 56173 45519 50322 53125 49654 52542 52293 46395 53152 51481 46367 46065 55581 45469 47006 53229 47013 49621 49135 45758 50532 53083 49622 54437 43267 45539 46081 51865 50783 52771 53823 51994 56452 
45489 51594 43577 54889 46522 53358 50662 49119 45033 49091 39115 52352 49818 54057 52711 56233 50630 52944 42262 50302 50726 49000 50909 48763 56175 46893 52421 49092 51325 45753 49032 55388 56008 45906 50315 53171 49847 52682 51810 46900 53433 51541 46747 45952 55831 45644 47018 53786 46895 49730 49389 45622 50802 52722 49753 54379 42965 45516 46154 51600 50766 52471 53680 51879 53851 
46046 51625 44336 54471 46548 53145 50258 49122 45627 49463 39370 52185 49832 54374 53312 56172 50560 52833 42069 50139 50783 49210 50400 48614 56050 46824 52500 49269 51654 46251 49126 54278 54967 46016 50493 53299 49654 52941 52106 46879 53339 51636 47957 45865 55626 45922 46930 53396 47104 50160 49312 45601 51205 53095 49623 54300 43488 45602 46521 52127 50230 53102 54087 51885 49086 
45632 51955 43037 54381 46152 53839 50499 49725 44958 49453 38831 52348 50477 54434 53310 56152 50873 53320 46028 51498 51499 49068 50864 49515 56785 47001 53069 49158 51325 46009 49140 53417 53958 45409 49879 53438 50021 52678 52808 46699 53397 52591 46248 45948 55552 45722 46820 53919 47016 49977 49320 45764 51500 53142 50096 54556 43193 45277 45824 51440 50637 53099 54466 52335 43519 
45496 51538 43137 54227 46239 53919 50463 49258 44823 49578 38850 52004 50387 54273 53593 56171 50678 53442 44528 52543 51335 49642 50540 50497 56769 46916 53306 49259 51294 46140 48779 53377 53875 45422 50359 53626 50068 53453 52499 46792 53257 51993 46190 46018 55324 45938 47063 53716 47014 49559 49105 45663 50871 52736 50056 54372 43377 45766 46430 51866 50739 52675 54010 51902 45265 
45329 51856 43406 54016 46439 53563 50339 49396 45222 49550 39443 52003 50140 54143 53277 56068 50628 53274 43435 51532 51238 49311 51319 49966 56616 46449 52891 48776 51130 45865 48634 53655 54209 45406 50180 53409 50292 52998 52134 46863 53955 52073 46176 46097 55638 46094 47611 54645 47286 49995 49247 45391 51861 53310 49830 54538 43362 45271 46946 51949 50848 52900 54076 52235 44266 
45538 52039 43573 54238 46296 53520 50181 49214 45007 49546 39248 51976 49914 54326 53366 56343 50503 53342 42803 51071 51736 49040 50913 49452 56778 46914 52599 49240 50963 46193 49397 54260 53708 45233 50087 53512 50870 53024 52308 46732 53578 52454 46411 46061 55493 45965 47068 54096 47128 49368 49047 45895 52290 53004 49547 54588 43426 45929 46536 51337 50885 53093 53971 52301 45526 
45735 51483 43142 54331 46105 53374 50387 48916 45152 49865 38828 52207 50194 54474 53492 55836 50021 52751 42361 50288 51180 49239 51442 48910 55917 46502 52733 49113 51319 46434 48441 53717 54067 45618 50210 53315 52648 52714 52231 46539 53634 51417 45967 46525 55483 45667 47292 53757 46894 49762 48946 45754 52137 53051 49595 54479 43491 45670 47693 51680 50743 53198 54209 52128 49597 
45467 51448 43367 54081 46119 53231 50240 49371 44739 49548 38920 51647 49755 54261 52764 56129 49981 52776 42403 49937 50749 48990 51618 48656 56211 46686 52789 49294 51452 45870 49228 53795 53513 45018 50003 53125 49907 52752 52008 46710 53564 51601 46084 45578 55402 45670 47091 53609 46879 49574 49267 45837 51033 52996 49774 54951 43651 45267 52582 51728 50862 52852 54155 51837 53598 
45199 51542 43211 54585 46443 53039 50292 49374 45003 49505 39073 52714 49918 54258 53609 56400 50505 52551 42146 50637 50923 49438 51252 48995 56658 46749 52526 49501 51481 45988 48437 53841 54374 45696 50061 53577 50064 53006 52193 46766 53846 51642 46507 45809 55649 45651 46900 54078 47263 49884 49004 46712 51617 53141 49843 54523 43461 45524 47167 51615 50781 52653 54109 52227 48864 
45441 51584 43630 54701 46591 53115 49990 49112 44791 49619 39295 52428 49949 54479 53091 56081 49915 53113 42055 50432 51068 49282 50709 48476 56034 46468 52411 48945 51302 46244 48711 54081 54741 45674 50090 53303 49954 52701 52164 46643 53533 51762 46032 45938 55688 45899 47143 54235 47021 49727 48980 48699 51245 53292 49530 54711 43884 45571 46299 51751 50598 52954 54023 52164 50908 
45309 51404 43324 54612 48108 53326 50114 48997 45011 49230 39065 51957 49962 54068 53000 55977 50262 52866 42382 50486 50658 49244 50836 48878 55649 46805 52589 49281 51557 46153 48845 54267 54934 47221 50397 53859 49854 52633 52012 47018 53672 51719 47234 45897 55303 45816 47008 53451 47068 49851 49178 46379 51289 52926 49390 54821 43252 45239 46165 51680 50404 52923 54330 52169 50686 
45941 51305 45252 54010 47171 53423 50560 48983 45306 49075 39163 51721 49877 54376 53137 55797 50524 52873 42102 50324 51025 49219 50480 48538 56312 46850 52279 49024 51514 45818 48931 54070 53918 47136 50636 53658 49422 53329 52210 46475 53514 51258 48915 45932 55557 45578 46807 53950 47441 49773 49249 45691 51012 53327 49706 54379 43310 45637 45983 52109 50172 52722 53852 51990 50372 
