0.000001645290 0.000007092745 0.000000944520
-0.000001870356 0.000002158385 0.000000357233
0.000006254771 0.000007229100 0.000000488500
0.000004154459 0.000003145967 0.000000030215
0.000006884397 0.000004733002 0.000000048795
0.000002344637 -0.000005676879 0.000000416147
-0.000004599901 -0.000005269428 0.000000111133
-0.000004669775 0.000000380941 0.000000894933
0.000002805890 0.000007293439 0.000000062382
-0.000005229775 0.000002318676 0.000000981132
-0.000007488729 0.000006388095 0.000000445448
0.000003805574 0.000001858729 0.000000045719
-0.000000105944 -0.000005964828 0.000000188876
0.000000625471 0.000003194772 0.000000072673
0.000002365935 -0.000001744274 0.000000277688
-0.000000005806 -0.000004108301 0.000000806377
-0.000004159355 -0.000005756294 0.000000995976
-0.000000587293 0.000002787896 0.000000035222
0.000006593519 -0.000007014739 0.000000548378
0.000006831204 -0.000006305193 0.000000779927
0.000002745459 -0.000004945762 0.000000612265
-0.000001932537 0.000005510932 0.000000032131
0.000004314696 0.000000085311 0.000000187703
0.000007105839 -0.000006201068 0.000000750614
-0.000000055676 -0.000004353475 0.000000323261
-0.000005842871 -0.000002413774 0.000000370328
0.000002497770 -0.000005635908 0.000000001981
-0.000006072652 -0.000006320427 0.000000878892
-0.000001517393 0.000003764228 0.000000945217
-0.000007247617 0.000003125792 0.000000259261
-0.000003812197 -0.000003615047 0.000000092037
0.000004038382 0.000004032419 0.000000061296
0.000004471227 0.000003683402 0.000000507539
0.000006969130 0.000005290682 0.000000881965
-0.000003453858 0.000004948577 0.000000121723
0.000002169729 0.000000474762 0.000000618132
0.000005217181 -0.000001629962 0.000000448899
0.000000888926 -0.000000349617 0.000000618352
-0.000002782538 -0.000006114272 0.000000289000
-0.000004844174 0.000005441057 0.000000197090
0.000001484609 0.000001455962 0.000000353296
0.000002245692 -0.000003365252 0.000000422023
0.000005564093 0.000006536249 0.000000293356
-0.000002414983 -0.000007443706 0.000000116878
0.000001626036 0.000003394537 0.000000313434
-0.000007208493 0.000003971571 0.000000325462
-0.000005798691 -0.000001074015 0.000000497180
0.000001325674 -0.000001774746 0.000000592849
-0.000006115549 -0.000005058707 0.000000395334
0.000002539126 0.000005290996 0.000000898424
-0.000005357312 -0.000006600163 0.000000702334
0.000006596041 0.000002874192 0.000000891244
0.000004470180 -0.000001702189 0.000000199893
-0.000001309493 -0.000004957375 0.000000213191
-0.000005058916 0.000001327192 0.000000101394
0.000001483975 0.000004048648 0.000000379293
-0.000006750404 -0.000007049657 0.000000999918
-0.000001573776 0.000006773378 0.000000234317
0.000006201305 -0.000000259686 0.000000677552
-0.000003686125 0.000003433905 0.000000240472
-0.000004411847 0.000004037641 0.000000913513
0.000000415501 -0.000002856470 0.000000156121
-0.000000627155 -0.000004912448 0.000000976546
-0.000002278275 -0.000006159412 0.000000784578
0.000007107345 0.000002718485 0.000000486051
0.000005681005 -0.000000225086 0.000000984598
-0.000003747838 -0.000000878784 0.000000179909
0.000003490421 0.000002528402 0.000000762035
-0.000004748934 -0.000006888442 0.000000177048
-0.000004263665 -0.000000276568 0.000000084202
0.000006462137 -0.000000617692 0.000000591649
-0.000000661419 0.000000932120 0.000000156123
-0.000000986204 0.000003362810 0.000000273659
-0.000006542936 0.000000205357 0.000000111352
0.000003355257 0.000004167389 0.000000076187
-0.000004716813 -0.000003230137 0.000000445530
0.000005308779 -0.000001371889 0.000000223938
-0.000001618943 0.000002696028 0.000000902595
0.000002082055 -0.000002805090 0.000000287740
-0.000000880166 0.000002339073 0.000000346307
0.000000135763 -0.000005624130 0.000000474269
0.000000614404 0.000006301296 0.000000765912
0.000003877796 0.000005879614 0.000000138113
-0.000005931453 0.000005312921 0.000000199398
-0.000005142434 0.000004437166 0.000000009964
0.000006225566 -0.000001904789 0.000000145597
0.000003303752 -0.000007152679 0.000000224753
0.000005618516 0.000003178778 0.000000516495
-0.000007499544 -0.000001018185 0.000000187331
0.000007240941 0.000005512349 0.000000385492
0.000003730252 -0.000007490935 0.000000948180
-0.000007064897 -0.000003815807 0.000000656863
-0.000001144946 -0.000006765429 0.000000017344
-0.000006957844 0.000006869566 0.000000756281
0.000000553570 -0.000000059846 0.000000789088
-0.000005962118 -0.000006404235 0.000000318329
-0.000003925608 0.000007480049 0.000000138119
-0.000000090752 0.000003878328 0.000000785231
-0.000003206613 0.000005212512 0.000000928310
0.000002444248 0.000003813080 0.000000388901
0.000000198110 0.000006798869 0.000000398499
0.000005237051 0.000006788102 0.000000068222
-0.000001658728 0.000004471098 0.000000680246
0.000006861324 0.000006204321 0.000000753503
-0.000002442171 0.000002728273 0.000000428879
-0.000006530010 -0.000001652393 0.000000381615
0.000005985866 -0.000000705621 0.000000261872
0.000003128375 0.000006766891 0.000000546851
-0.000005410711 -0.000004244134 0.000000114119
-0.000007153439 0.000005691987 0.000000515268
0.000006496582 0.000004208614 0.000000896896
0.000006859797 0.000003926220 0.000000146915
0.000005086573 -0.000001032345 0.000000577888
-0.000001079235 0.000007365916 0.000000877829
0.000004702471 -0.000000119254 0.000000098523
-0.000000093458 0.000003658919 0.000000943624
0.000004006910 0.000003788606 0.000000693176
-0.000002347846 -0.000001226603 0.000000353971
-0.000005919653 0.000001990748 0.000000090102
-0.000000252703 0.000001389064 0.000000640600
-0.000006789776 0.000000918566 0.000000622846
-0.000000939900 0.000006017702 0.000000858426
-0.000007328477 0.000002214085 0.000000125669
0.000003305923 -0.000004599690 0.000000483500
0.000006067555 0.000002726197 0.000000686507
0.000001757583 -0.000005693286 0.000000942543
-0.000006030586 0.000003679412 0.000000417620
0.000001141004 -0.000004343374 0.000000896910
-0.000000697805 0.000000668122 0.000000763052
-0.000000608735 0.000005000709 0.000000976804
0.000000096053 -0.000001186929 0.000000941266
-0.000004841644 0.000005216517 0.000000338712
-0.000002682802 -0.000004748279 0.000000877750
-0.000006214226 0.000000118510 0.000000872514
-0.000006372344 0.000005773740 0.000000375087
-0.000005945383 0.000003401305 0.000000867961
-0.000002300891 0.000003682554 0.000000007640
0.000006381496 0.000004452968 0.000000962514
-0.000006777824 0.000006486224 0.000000885544
0.000001133434 -0.000000218614 0.000000797715
0.000001389347 0.000000291132 0.000000780118
0.000004017779 0.000002441569 0.000000736917
0.000007069377 -0.000006295380 0.000000967586
0.000004838616 -0.000001483402 0.000000021814
0.000005458221 0.000006262052 0.000000228647
-0.000007211779 -0.000002419161 0.000000985090
-0.000002429519 -0.000005656371 0.000000497917
0.000006278007 -0.000005518928 0.000000462660
-0.000001538169 0.000001431142 0.000000870324
0.000004710016 0.000002745027 0.000000208749
0.000001245618 -0.000005637886 0.000000382418
-0.000004040858 0.000007144955 0.000000060767
0.000006654379 0.000004661731 0.000000406340
-0.000003379956 -0.000002193464 0.000000930559
0.000002459845 -0.000004586456 0.000000068098
-0.000005880610 -0.000006138897 0.000000900189
0.000005001677 0.000003030730 0.000000005881
-0.000002606542 -0.000006082555 0.000000592847
0.000000016685 -0.000003149066 0.000000397710
0.000003891686 0.000004458205 0.000000449106
-0.000002674928 -0.000003274339 0.000000207312
-0.000006962105 0.000007012370 0.000000931161
-0.000003103952 -0.000004797960 0.000000494245
-0.000007290227 0.000002869572 0.000000466851
0.000004151952 0.000001982855 0.000000152800
-0.000000417076 -0.000003958613 0.000000013013
-0.000001530884 -0.000003575039 0.000000485503
-0.000001561203 0.000006352870 0.000000252400
0.000002288063 -0.000006869419 0.000000750795
0.000005369683 -0.000006054942 0.000000735360
0.000001447174 -0.000003252665 0.000000683579
0.000002127665 0.000002103882 0.000000319359
0.000004688911 0.000004188581 0.000000787124
0.000004580884 0.000003512807 0.000000140997
0.000001164342 -0.000005486698 0.000000565067
-0.000005907222 -0.000002045831 0.000000403206
0.000005355713 -0.000003220463 0.000000551776
-0.000000914730 -0.000004164229 0.000000491780
-0.000003840510 -0.000005638533 0.000000437600
-0.000005512707 0.000003156633 0.000000971644
-0.000006912024 0.000000854589 0.000000000234
0.000002106085 0.000001447470 0.000000427917
0.000004257656 -0.000003536239 0.000000285211
-0.000005831437 0.000001907528 0.000000716015
0.000002274388 -0.000000389580 0.000000082506
-0.000003978387 -0.000001313825 0.000000167429
-0.000003339745 0.000000296657 0.000000781646
-0.000005833688 -0.000001489968 0.000000915604
0.000006789689 0.000003910950 0.000000279937
0.000000795778 0.000006574687 0.000000866206
0.000005469654 0.000007373387 0.000000352040
0.000001075629 -0.000005740963 0.000000925853
-0.000002621453 0.000005083999 0.000000842636
-0.000003223975 -0.000003570162 0.000000257920
0.000000399577 -0.000007161377 0.000000316585
0.000006021942 0.000002652598 0.000000750202
0.000001707032 0.000003774280 0.000000431938
-0.000000424393 -0.000000005736 0.000000933069
-0.000004377417 0.000006146711 0.000000572408
-0.000002881252 -0.000000136642 0.000000382821
0.000000718689 0.000007102354 0.000000486926
0.000001719071 0.000005635251 0.000000738377
-0.000002772118 -0.000004998892 0.000000060882
0.000007493307 0.000005329661 0.000000530773
0.000006224072 -0.000003307296 0.000000497086
0.000001933674 -0.000002558780 0.000000749299
-0.000000902047 -0.000004326392 0.000000731418
-0.000002420859 0.000001812431 0.000000258325
-0.000007215587 0.000004890103 0.000000102622
0.000003560855 0.000003610454 0.000000638498
0.000002641653 -0.000002379075 0.000000117177
-0.000003288869 0.000002252298 0.000000449072
0.000003401509 0.000007407931 0.000000620134
0.000005200723 0.000000160797 0.000000180909
0.000005627498 0.000005714320 0.000000864345
0.000006807607 -0.000006997635 0.000000999371
0.000003559844 0.000006309616 0.000000405326
0.000003091842 -0.000001418314 0.000000980060
0.000002122361 -0.000001705021 0.000000816371
-0.000006507046 -0.000002998998 0.000000937848
0.000006735611 0.000002245243 0.000000409399
-0.000004549763 -0.000000202403 0.000000252381
0.000006151766 -0.000005306291 0.000000710750
-0.000000488191 -0.000006105255 0.000000849297
0.000003519911 -0.000003089570 0.000000474067
-0.000006070590 -0.000003709302 0.000000804935
-0.000001797755 0.000006426912 0.000000545659
-0.000006250258 -0.000001591337 0.000000542802
-0.000003801881 0.000005871334 0.000000852083
0.000006422288 -0.000000668013 0.000000964111
-0.000003295034 -0.000005158188 0.000000847612
-0.000007369111 0.000006296253 0.000000527726
-0.000000334758 -0.000000465703 0.000000984910
-0.000004448709 0.000005052746 0.000000559274
-0.000005155695 0.000006359374 0.000000477759
0.000002059858 0.000006580225 0.000000162783
-0.000005803008 -0.000005942115 0.000000802258
0.000000103029 -0.000004580020 0.000000048043
-0.000006828533 0.000004350111 0.000000770694
-0.000004356343 0.000003220947 0.000000702289
-0.000000902805 -0.000000608724 0.000000084756
-0.000004534309 -0.000003861144 0.000000130171
-0.000003082628 0.000000492467 0.000000058650
0.000002438316 0.000000362332 0.000000777416
0.000002169651 -0.000003872998 0.000000615730
-0.000006961417 -0.000005270764 0.000000417498
-0.000005032763 0.000007058510 0.000000554223
0.000002588904 0.000007124200 0.000000989247
-0.000001456390 0.000004155888 0.000000117789
-0.000005105782 0.000005089014 0.000000243703
0.000005150716 0.000000088204 0.000000318379
-0.000007352187 -0.000007382930 0.000000499238
-0.000000292595 0.000005247438 0.000000897876
-0.000007497216 0.000003323629 0.000000350362
0.000005922227 0.000001574639 0.000000328119
0.000006802440 0.000004373294 0.000000821458
0.000002673690 -0.000004394393 0.000000268686
0.000002631083 0.000000583712 0.000000577167
0.000003935836 0.000000467958 0.000000596590
-0.000003323201 0.000002624857 0.000000413198
-0.000000665772 0.000001641225 0.000000270102
0.000006069060 -0.000005692825 0.000000866025
0.000002109759 -0.000005263042 0.000000046057
-0.000000200602 0.000005961214 0.000000856175
0.000002741485 0.000005681443 0.000000761078
-0.000000967382 -0.000000196506 0.000000313909
0.000000222650 -0.000005192720 0.000000625823
0.000000244810 -0.000003028521 0.000000866915
-0.000003035474 -0.000003797743 0.000000121354
0.000000649617 -0.000002235375 0.000000308433
-0.000006513293 0.000005458986 0.000000100166
0.000007278192 -0.000001238672 0.000000191393
-0.000007036934 0.000007099784 0.000000612559
-0.000002641165 -0.000004091337 0.000000218209
-0.000006890486 0.000006642488 0.000000150752
-0.000004915240 0.000002904180 0.000000847491
-0.000000768050 0.000002976505 0.000000717935
0.000003239433 0.000000746068 0.000000867561
0.000002447654 0.000003932945 0.000000704143
-0.000000425649 0.000005204875 0.000000913836
0.000006705190 0.000003451359 0.000000916371
0.000000123503 -0.000000475652 0.000000206181
0.000006143102 0.000000716013 0.000000104825
0.000001525362 0.000006365824 0.000000536041
-0.000003835114 0.000003892570 0.000000859211
0.000004514839 -0.000002377830 0.000000806276
0.000000248739 -0.000003566765 0.000000928424
0.000001759624 -0.000002242773 0.000000326678
0.000005783454 0.000007148653 0.000000833203
-0.000003827173 0.000006432517 0.000000618062
-0.000003872141 -0.000005301820 0.000000719625
-0.000007461352 0.000002334850 0.000000649546
0.000003772368 0.000005230898 0.000000890866
0.000001355565 0.000005492754 0.000000228076
-0.000006621148 -0.000007460721 0.000000428415
0.000006046806 -0.000004317330 0.000000400270
-0.000002011623 -0.000004717434 0.000000036839
-0.000003642447 0.000005530632 0.000000113294
0.000003822163 -0.000003750550 0.000000765778
0.000004084307 0.000002178473 0.000000947779
0.000006683732 0.000001745435 0.000000139527
-0.000005144076 -0.000004734699 0.000000091252
0.000004290339 -0.000004469444 0.000000696141
0.000005587366 0.000006398834 0.000000199068
-0.000001558949 0.000002485554 0.000000117734
0.000000679814 0.000001742760 0.000000260996
0.000004258454 0.000003549100 0.000000748377
-0.000003572531 0.000000363179 0.000000997500
0.000006027137 0.000003471738 0.000000443192
-0.000000819230 -0.000001827586 0.000000545626
0.000005095214 -0.000007257773 0.000000337688
0.000000274721 -0.000005817974 0.000000529431
0.000000674866 -0.000000714601 0.000000589795
-0.000000566356 0.000000325090 0.000000387570
0.000004074139 0.000002047272 0.000000699056
0.000004660366 0.000004269896 0.000000473321
0.000000006773 -0.000000947197 0.000000703978
0.000006606743 -0.000006816571 0.000000154495
-0.000002215114 0.000004702272 0.000000729677
0.000000815866 -0.000004808619 0.000000611299
0.000004727637 0.000006876569 0.000000575157
-0.000006841362 0.000003542284 0.000000860550
-0.000007115532 0.000005274799 0.000000575780
-0.000001048733 -0.000001934968 0.000000561779
0.000003216739 0.000006215888 0.000000372103
-0.000002660589 -0.000004866427 0.000000485069
0.000007220502 -0.000000160604 0.000000498203
-0.000000663329 -0.000000992996 0.000000930750
-0.000001909349 0.000004803087 0.000000016404
0.000002631921 0.000001612570 0.000000901531
0.000005514024 0.000003594158 0.000000968270
0.000007418442 0.000001287134 0.000000663233
0.000000439613 0.000003701754 0.000000885362
-0.000004203530 -0.000004708014 0.000000643780
0.000005210001 0.000001083399 0.000000079370
-0.000003250005 -0.000002078793 0.000000279466
-0.000002010811 -0.000004246144 0.000000090714
-0.000000772884 0.000005734335 0.000000721222
-0.000003590502 0.000006315661 0.000000747719
-0.000002337349 0.000004885454 0.000000748705
0.000000831982 0.000002323634 0.000000917261
-0.000002103548 -0.000000212318 0.000000525256
0.000000950412 0.000007085033 0.000000593643
-0.000005638735 0.000001250385 0.000000863114
0.000007335412 -0.000004778936 0.000000094161
-0.000004108226 -0.000004814190 0.000000911866
0.000000010987 -0.000003755385 0.000000762681
-0.000000375770 -0.000006301678 0.000000861262
0.000002725437 -0.000003193557 0.000000445197
-0.000002798211 -0.000001830053 0.000000332544
-0.000002292570 -0.000003376063 0.000000904877
-0.000003706868 0.000005081483 0.000000459025
-0.000003384690 -0.000000166562 0.000000605945
-0.000004980034 -0.000002772830 0.000000809860
0.000007183402 0.000007264659 0.000000374790
0.000004339905 0.000001801362 0.000000582575
0.000002135665 -0.000001854795 0.000000423190
0.000001028637 -0.000000076740 0.000000062901
-0.000004137303 -0.000005958665 0.000000620681
0.000003251419 0.000006609237 0.000000059335
0.000003986010 0.000002806946 0.000000097696
0.000001462016 0.000002883358 0.000000223436
-0.000005830848 -0.000001645785 0.000000332161
-0.000000895148 0.000004661321 0.000000568842
0.000002516660 0.000001310070 0.000000847187
0.000000854890 0.000002082913 0.000000739267
0.000000531127 0.000002683920 0.000000021288
0.000002282862 0.000007161183 0.000000725167
0.000003964336 -0.000005429130 0.000000672958
0.000004100698 -0.000004638166 0.000000699000
0.000000294936 0.000001163039 0.000000831816
0.000001467060 0.000002427866 0.000000409504
0.000004585622 0.000006910580 0.000000117950
0.000001876717 -0.000002804900 0.000000297540
-0.000004439780 -0.000005282046 0.000000045219
-0.000005989990 0.000001937011 0.000000018093
0.000004484676 0.000003290827 0.000000484582
-0.000005039609 0.000005509888 0.000000645515
0.000000784008 -0.000004962766 0.000000712337
0.000002147039 -0.000004275306 0.000000758215
0.000007391590 -0.000006524767 0.000000082647
0.000000203584 0.000000458363 0.000000224565
-0.000006604466 0.000003308772 0.000000561075
0.000001625348 0.000005440992 0.000000757901
-0.000004167267 0.000004620654 0.000000466779
-0.000007216688 -0.000000113174 0.000000163380
0.000000922398 -0.000005354566 0.000000297159
-0.000000311438 0.000007339695 0.000000775448
0.000002341691 0.000000242493 0.000000853234
0.000000103769 -0.000005945090 0.000000772746
0.000007265657 -0.000002686102 0.000000111448
-0.000006330886 0.000004445023 0.000000066526
-0.000001491021 0.000003529677 0.000000277032
0.000001541061 -0.000005305069 0.000000996941
-0.000001584143 0.000003425699 0.000000357179
-0.000000166727 -0.000001730892 0.000000875171
-0.000000247464 -0.000001045351 0.000000136486
0.000002471614 0.000007450790 0.000000324465
0.000004955401 -0.000002608739 0.000000586646
-0.000001577547 0.000002753260 0.000000398827
0.000006979736 0.000001835126 0.000000194062
0.000005011174 0.000001702292 0.000000522293
-0.000005388391 0.000004071206 0.000000498444
0.000003146677 -0.000006577236 0.000000966698
-0.000001737440 -0.000000094981 0.000000003157
-0.000004554168 0.000007092947 0.000000107001
-0.000001597864 0.000004446548 0.000000795712
-0.000005561906 0.000006935380 0.000000160103
0.000002794316 0.000006215710 0.000000382454
-0.000001915620 0.000003832668 0.000000861117
-0.000006191009 0.000004102909 0.000000445866
0.000000199045 -0.000001027888 0.000000393879
0.000002183673 0.000003735473 0.000000554090
0.000004827902 -0.000007440218 0.000000402286
-0.000005483565 -0.000001954509 0.000000623325
-0.000007154930 -0.000001286523 0.000000869959
0.000006531782 0.000002013382 0.000000076861
0.000002630039 -0.000005812852 0.000000695638
-0.000003254921 -0.000006165227 0.000000756179
-0.000006227496 -0.000000515193 0.000000908828
0.000003361387 -0.000000637854 0.000000620901
0.000002994270 -0.000006129382 0.000000836160
-0.000002123249 0.000006583661 0.000000341484
0.000003360687 -0.000004100650 0.000000314536
-0.000004915790 -0.000006270008 0.000000947290
0.000006636232 -0.000003014403 0.000000217935
0.000006385049 -0.000005345639 0.000000024771
0.000001702926 0.000003604703 0.000000805425
0.000004105650 0.000004043190 0.000000907898
0.000003921721 0.000005309852 0.000000886324
-0.000002873118 -0.000004397280 0.000000426299
-0.000006899476 0.000001621768 0.000000813438
-0.000001752279 0.000003833432 0.000000295422
-0.000003374220 -0.000005247274 0.000000062575
-0.000004829788 0.000004677488 0.000000492250
-0.000001453896 -0.000006466676 0.000000984395
-0.000006024119 0.000001200337 0.000000363586
-0.000004345825 0.000000313647 0.000000184942
-0.000003462795 -0.000000154268 0.000000092975
-0.000004247029 0.000005571700 0.000000241554
0.000007401666 -0.000006883544 0.000000170492
0.000002655701 0.000002629360 0.000000937611
0.000002473691 0.000005206697 0.000000220810
-0.000006641779 -0.000004236807 0.000000822241
0.000004853420 -0.000003507815 0.000000111331
0.000006920108 0.000006402394 0.000000873419
-0.000004860949 0.000000646031 0.000000859906
0.000000902651 -0.000000102184 0.000000327932
-0.000004522238 0.000006951458 0.000000578926
-0.000005309871 0.000002032978 0.000000683851
-0.000000861583 0.000000054169 0.000000087582
-0.000002692208 -0.000005544922 0.000000235666
0.000006570666 0.000004328590 0.000000461292
-0.000002870554 0.000000105158 0.000000272441
0.000000895714 0.000003842933 0.000000662975
0.000004892676 0.000003941055 0.000000059748
-0.000003051169 0.000001082901 0.000000249861
-0.000006858598 0.000002354292 0.000000750413
0.000003315972 0.000006726295 0.000000633659
-0.000004776659 0.000001308896 0.000000172338
0.000007334149 0.000005278353 0.000000467373
0.000006033482 -0.000003753844 0.000000031177
-0.000005168645 -0.000004700146 0.000000801328
-0.000000976671 0.000002941231 0.000000935690
0.000005911207 -0.000002879741 0.000000315465
-0.000000074420 -0.000004652045 0.000000590132
-0.000000183754 0.000004547739 0.000000908387
-0.000007323253 -0.000004957287 0.000000601160
0.000002939228 -0.000006242227 0.000000797655
-0.000005597603 -0.000006374972 0.000000225022
0.000001940154 0.000003227575 0.000000848707
0.000004534214 -0.000002634602 0.000000393359
0.000005976900 -0.000004550639 0.000000175915
0.000007476998 0.000003000876 0.000000970160
0.000003006719 0.000004655397 0.000000239386
0.000005401541 0.000004587851 0.000000631956
0.000003405578 -0.000004264129 0.000000296664
-0.000001028072 -0.000000416719 0.000000926669
0.000004457121 0.000004334782 0.000000696643
0.000002527597 -0.000005513275 0.000000959030
0.000000944955 -0.000004065901 0.000000761868
-0.000001744100 -0.000006324573 0.000000639083
-0.000004994361 -0.000005304479 0.000000876556
0.000005110383 -0.000006617498 0.000000625356
-0.000002020473 -0.000004740070 0.000000563120
-0.000005167300 0.000004480008 0.000000879595
-0.000003924802 -0.000003658819 0.000000681842
-0.000000712052 -0.000003551397 0.000000004845
0.000005187560 0.000001972454 0.000000229504
0.000004099866 -0.000004289463 0.000000072724
0.000002847053 -0.000005568106 0.000000208059
-0.000003520030 0.000006761670 0.000000116427
0.000001773464 -0.000005240228 0.000000389402
-0.000002991589 -0.000003942323 0.000000648905
0.000004062086 0.000006341918 0.000000550551
0.000006399641 -0.000006406455 0.000000767999
-0.000005291401 0.000004890814 0.000000494802
-0.000005136387 0.000001140991 0.000000346961
-0.000006128337 0.000001217727 0.000000786820
-0.000002439489 0.000000548298 0.000000904474
-0.000005916796 -0.000003402130 0.000000519282
-0.000007254370 -0.000003391947 0.000000462010
-0.000005073064 0.000005887222 0.000000592904
-0.000002437498 -0.000004358141 0.000000764216
-0.000000573188 -0.000001979735 0.000000820401
0.000003967227 0.000000304463 0.000000637240
-0.000000712345 0.000003054688 0.000000200446
0.000004752586 0.000001357029 0.000000515433
-0.000003004244 -0.000004089221 0.000000991375
-0.000003537610 0.000000633273 0.000000311302
-0.000006280130 -0.000003460379 0.000000288965
-0.000001607791 0.000001583062 0.000000889395
